6.55730961e-05
2.65545001e-05
5.40069963e-05
5.92509057e-05
3.58802286e-05
6.34666577e-05
2.08449660e-04
2.60540575e-04
8.90099848e-05
5.32713027e-05
1.87939292e-04
1.68327862e-04
1.58931222e-04
7.29481300e-05
1.45862620e-04
7.27903623e-05
1.70465575e-04
1.01154702e-04
6.54242770e-05
1.52459251e-04
2.08731636e-04
1.47025169e-04
1.00725910e-04
7.21547203e-05
6.95590494e-05
2.74182568e-05
3.15179151e-05
5.87696065e-05
9.22211305e-05
1.02954011e-04
3.52065338e-05
4.08444702e-05
3.28152817e-05
3.29960752e-05
5.42295166e-05
5.65330937e-05
4.95077300e-05
3.67262012e-05
4.03294726e-05
1.18575490e-04
7.59890578e-05
1.19066717e-04
2.68056075e-04
3.96497209e-04
1.47225301e-04
5.86080907e-05
3.85732359e-05
7.68406244e-05
1.70364294e-04
1.48866966e-04
9.13976517e-05
6.46524382e-05
4.31939471e-05
1.08244517e-05
1.94683903e-05
4.28572873e-05
7.32578581e-05
5.81352732e-05
9.16770714e-05
1.54906756e-04
7.01925786e-05
5.30173678e-05
1.99290307e-05
9.28358875e-06
5.91212148e-06
8.34573611e-06
3.65597514e-05
3.78211009e-05
3.78447838e-05
4.26511148e-05
5.29141362e-05
1.45929421e-04
1.42342687e-04
1.78512748e-04
9.75803260e-05
2.28466079e-05
1.18228870e-05
3.67602640e-05
1.20539452e-05
3.20394856e-05
1.38260048e-05
1.96374535e-05
1.14172826e-05
2.07329107e-05
5.19778980e-06
7.09033565e-06
1.00608127e-05
5.05608603e-06
4.61804165e-06
1.73750326e-05
2.50485348e-05
2.16805004e-05
1.04459808e-05
2.12801025e-05
2.77726897e-05
2.92489742e-05
6.51186157e-05
5.42538432e-05
8.77778704e-05
3.71605109e-05
6.15512045e-05
1.02168655e-04
1.76725992e-04
5.82108018e-05
3.20687111e-05
1.81639708e-05
2.91770701e-05
7.70656768e-05
8.29902344e-05
5.46495498e-05
7.42997552e-05
8.24926368e-05
2.54104949e-05
6.27140225e-05
5.43698492e-05
6.77350226e-06
2.08592671e-05
8.62861367e-05
4.07831925e-05
9.60954955e-05
5.07490584e-05
5.94991234e-05
3.01003657e-05
4.28638811e-05
1.50084951e-05
8.02260864e-05
1.41476719e-04
1.33425889e-04
6.11325946e-05
8.28864109e-05
2.53087889e-05
2.61735794e-05
2.55967084e-05
1.73532001e-05
2.43782520e-05
2.06009204e-05
2.40270123e-05
2.82229425e-05
8.33033382e-05
9.03620060e-05
1.42349392e-04
4.91302466e-05
3.47977733e-05
6.04355913e-05
2.48275855e-04
3.03959900e-04
3.23529621e-04
3.99429644e-04
3.02514066e-04
3.11819951e-04
4.45025267e-04
2.01388643e-04
4.02890990e-04
9.52011416e-04
3.56950563e-04
1.03818408e-04
1.70265422e-04
1.40981398e-04
4.73093540e-05
4.99678564e-05
4.77477390e-05
1.55546040e-05
2.47527764e-05
7.27389832e-05
6.24963355e-05
1.86004725e-04
1.38709812e-04
3.08188344e-04
4.67433393e-04
1.46989441e-04
6.15847996e-05
1.55624715e-05
1.68634612e-05
3.42216645e-05
2.00762038e-04
1.83893542e-04
3.56495698e-04
5.65213907e-04
3.68692557e-04
1.36220949e-04
4.82008380e-05
1.74951001e-05
1.34869490e-05
1.15126087e-05
7.71871680e-06
2.25791132e-05
2.02403832e-05
1.89869864e-05
3.12693639e-05
6.90892197e-05
1.11319677e-04
1.35171636e-05
7.86145317e-05
9.15587762e-05
1.85436867e-04
1.31570296e-04
1.51782072e-04
1.43128123e-04
1.69822929e-04
3.64183333e-05
2.05209717e-05
1.20307096e-05
3.69810018e-05
1.46617001e-04
1.24488490e-05
1.34448913e-05
3.64358539e-05
6.77821169e-05
2.37149464e-05
3.01417078e-05
1.52310179e-05
9.28184081e-06
2.42246231e-05
3.44557468e-05
3.80081803e-05
4.48194759e-05
1.09233205e-04
8.33292389e-05
2.81003843e-05
4.24589781e-05
6.90923472e-05
2.61950670e-05
4.15078373e-05
2.73624445e-05
9.11995969e-05
3.27822844e-05
1.28416728e-05
4.53907513e-05
8.02795308e-05
8.56488072e-05
1.83741456e-04
4.88621141e-05
1.10178984e-04
4.60159331e-05
4.17271457e-05
2.79977594e-05
1.37333845e-05
2.44402699e-05
5.38406943e-05
6.11340474e-05
1.45088042e-04
4.61513811e-05
4.53840697e-05
6.64353928e-05
2.78353436e-05
1.62000078e-05
3.79650589e-05
1.17577896e-05
6.73827749e-05
2.92325120e-05
2.81076870e-05
1.99243793e-05
3.27786375e-05
3.58003151e-05
2.47862346e-05
3.80294421e-05
5.88317278e-05
1.01280613e-04
2.18405332e-05
5.10034692e-05
8.25204960e-06
6.87547877e-06
2.66369197e-06
8.36180383e-06
4.45198213e-06
9.25764950e-06
4.03100230e-05
4.36495659e-05
5.03436760e-05
1.72742702e-04
1.00997198e-04
6.82821915e-05
6.80731467e-05
3.52462001e-05
3.23997198e-05
1.76731284e-05
2.04251063e-05
1.34108059e-05
1.05136633e-05
8.98195742e-05
3.51724116e-05
6.33127141e-05
3.97814588e-04
8.77096603e-05
8.29129455e-05
5.33057153e-05
4.02882433e-05
3.27912767e-05
4.23568616e-05
5.77740395e-05
3.53717715e-05
2.97599203e-05
4.52322978e-05
5.24800075e-05
3.23394270e-05
2.80642769e-05
3.28850471e-05
2.11495733e-05
2.64294396e-05
3.67498441e-05
6.51466326e-05
1.14955923e-04
9.66262659e-05
5.91478903e-05
7.80302998e-05
6.88370543e-05
1.65324690e-04
1.61092628e-04
1.95876578e-04
1.29103281e-04
6.63432133e-05
2.45562483e-04
9.56778470e-05
1.30699363e-04
3.65363869e-04
6.35667989e-04
2.78767428e-04
1.14467773e-04
1.82190445e-04
7.48476993e-04
1.06464076e-03
2.05363070e-04
3.08281937e-04
1.45672305e-04
9.66199921e-05
5.27765440e-05
2.06135078e-04
8.33913947e-05
4.42472259e-05
5.13817616e-06
8.48082491e-06
7.31024808e-06
5.99909436e-06
7.66977059e-06
1.32196851e-05
9.11392214e-06
5.75165184e-05
7.14603022e-05
3.57340029e-05
9.44989191e-05
3.67201572e-05
2.25919489e-05
5.18305472e-05
1.21776294e-04
2.02995618e-05
3.67319182e-05
3.52582029e-05
6.82705705e-05
1.71730617e-05
1.73060032e-05
5.52486440e-05
3.89761136e-05
1.69614807e-05
2.35516812e-05
6.16116472e-05
1.31533252e-04
1.12324128e-04
7.03614721e-05
6.04083527e-05
5.94634329e-05
1.07165463e-04
7.14650307e-04
2.45099555e-04
1.27152960e-04
1.21329578e-04
4.93859368e-05
6.63520409e-05
5.14037943e-05
6.91697943e-05
5.08225267e-05
5.59546478e-05
4.24846085e-05
9.96384800e-05
9.07437178e-05
1.44999125e-04
1.88130603e-05
2.99382205e-05
3.57553150e-05
5.57717514e-05
3.27166205e-05
2.59703258e-05
9.02833668e-06
1.35811166e-05
2.53068826e-05
2.05428801e-05
4.47714932e-05
2.18456787e-05
4.83390288e-05
1.01285594e-04
1.15995194e-04
6.14946668e-05
8.80247263e-05
1.38446662e-04
9.33303037e-05
1.24842867e-04
1.41609999e-04
6.31241535e-05
1.86321492e-04
1.11297356e-04
6.10045953e-05
5.00546665e-05
1.18103874e-04
2.70440623e-04
1.90135635e-04
1.30290049e-03
3.90428008e-04
7.03153538e-05
6.25042264e-05
2.68462634e-04
2.28903231e-04
7.98766351e-05
7.32614206e-05
8.60873357e-05
5.36341968e-05
1.02183679e-04
1.28935263e-04
4.14952325e-05
6.36851327e-05
5.02752906e-05
6.71913564e-05
2.02266321e-04
3.62019383e-05
7.90964636e-05
8.29385093e-05
1.36146641e-04
2.26485832e-04
4.47016696e-05
7.73525699e-05
1.05869581e-04
8.63198857e-05
3.54893027e-05
3.36617146e-05
1.13116531e-05
2.67572971e-05
1.07991550e-05
1.57723326e-05
2.05140247e-05
4.74727881e-05
4.70175460e-05
4.69566132e-05
9.38633601e-05
1.18673154e-04
7.63238598e-05
1.67766159e-04
4.11858510e-04
2.45710955e-04
1.86299951e-04
1.41962248e-04
1.31404908e-04
2.89573057e-05
1.71042305e-05
1.67582479e-05
6.37312673e-05
9.85662242e-05
2.57178374e-04
3.41379245e-04
1.81047045e-04
3.37204297e-05
4.93080151e-05
8.23683045e-05
2.48300160e-05
3.65129838e-05
6.94807659e-05
1.50006134e-05
4.16352002e-05
4.20426810e-05
6.00748211e-05
1.14780806e-04
2.24022369e-05
3.17086634e-05
3.39645548e-05
7.26469219e-05
7.74163320e-05
4.79618684e-05
5.93109516e-05
4.47011927e-04
2.30283507e-04
2.66258463e-04
1.29220779e-04
1.27183296e-04
1.34033335e-04
1.63769392e-05
5.42062055e-05
3.07909790e-05
1.70399252e-05
4.82981530e-05
4.54605000e-05
2.34148665e-05
1.34562806e-05
9.49961057e-06
1.00249164e-05
4.85694045e-05
7.57925909e-05
2.26238980e-04
1.27026821e-04
1.16356087e-04
2.07841239e-04
5.72498127e-05
4.65435729e-05
5.80365175e-05
7.24675804e-05
3.04427880e-05
6.50688260e-05
4.30904755e-05
5.13789453e-05
6.47070998e-05
7.02922745e-05
6.91730396e-05
1.34667503e-04
1.03236914e-04
3.80426042e-04
8.04223924e-04
3.81391849e-04
3.68885922e-04
5.10280731e-04
6.90132054e-05
4.16256541e-05
3.80138556e-05
1.49726163e-04
4.68317824e-05
1.23831922e-04
8.17626807e-05
2.40393520e-05
1.11626521e-04
1.03157872e-04
1.08729052e-04
1.05957807e-04
2.28692250e-04
2.80958528e-04
2.85429163e-04
9.89425629e-05
4.67191656e-05
3.71699552e-05
2.84350068e-04
1.28565599e-04
5.44552350e-05
2.54716607e-05
1.46588170e-05
1.57736573e-05
7.16255745e-05
9.68856691e-06
2.41115981e-05
3.26413310e-05
7.09117277e-05
4.78914547e-05
1.12011615e-04
5.99599378e-05
8.73846004e-05
8.95051678e-05
8.45937101e-05
1.89401429e-04
5.99066043e-05
6.18607503e-05
3.31322744e-05
1.07318006e-05
1.16773568e-05
1.39631753e-05
1.98395825e-05
6.24115275e-05
4.48655818e-05
1.84892536e-04
5.38343890e-05
6.82329823e-05
1.38735197e-04
4.10411797e-05
1.82049499e-04
2.06112357e-04
1.82192862e-04
1.41031594e-04
1.66232247e-04
1.82591502e-04
1.38747523e-04
3.44296774e-05
7.90746442e-05
3.23316520e-05
1.65219866e-05
7.30276475e-06
5.57285440e-05
2.78341469e-05
1.95573702e-05
8.26429618e-05
2.59901808e-04
4.27601574e-05
3.89425868e-05
4.81074458e-05
6.31200924e-05
4.18227695e-05
6.30756781e-05
6.09978328e-05
5.78679401e-05
7.45448342e-05
3.69211662e-05
4.85201076e-05
5.95752332e-05
6.54380438e-05
4.40528623e-05
1.80340326e-04
5.06982603e-05
8.86622921e-05
3.60885081e-05
5.48443597e-05
7.62868104e-05
1.35272553e-05
2.39932566e-05
5.10672810e-05
2.26572790e-05
5.44181145e-05
1.09124545e-04
4.52364273e-05
2.35154943e-05
1.69215419e-05
2.56983183e-05
4.10607888e-05
2.09521272e-05
1.55408768e-05
2.35372255e-05
9.75384155e-05
4.08947615e-05
1.07707015e-04
7.11656515e-05
5.56299044e-05
4.11087591e-05
5.35798936e-05
5.37205493e-05
4.03633520e-05
5.42950047e-05
2.18035181e-04
2.66651578e-04
2.55551861e-04
3.47832508e-04
4.19031655e-04
1.92618592e-04
4.06447318e-04
5.36961957e-05
1.14534030e-04
1.83202578e-04
1.86283708e-04
1.09542512e-04
1.14386009e-04
1.14330447e-04
1.50311792e-04
7.88130730e-05
3.66905992e-04
1.58413903e-04
3.25398976e-04
8.57659159e-05
6.45003946e-05
4.81504976e-05
9.21639762e-05
7.19313325e-05
4.78518075e-05
4.04681929e-05
2.38057767e-05
1.38464639e-05
2.63782570e-05
1.36557245e-05
2.30987441e-05
3.35430296e-05
1.93616565e-05
1.63909398e-05
2.04241141e-05
1.34105358e-05
3.31576575e-05
5.25276957e-05
1.54328170e-04
8.75999373e-05
4.63037446e-05
9.74439222e-05
4.26634774e-05
1.09984342e-04
2.56357983e-04
2.27589375e-04
1.36658152e-04
1.71908906e-04
2.84186657e-04
1.91242550e-04
2.27334798e-04
4.28055213e-04
4.56096250e-04
4.79239307e-04
1.85644426e-04
8.77853517e-05
2.96921963e-05
8.30436113e-05
4.01899989e-05
3.69377704e-05
1.13948717e-04
1.56357231e-04
3.19857774e-04
1.02885563e-04
2.32346669e-04
9.20276839e-05
3.31457913e-05
4.88091620e-05
1.82527731e-05
2.47397509e-05
2.65286305e-05
2.31166399e-05
4.04841621e-05
1.96183346e-05
1.04318210e-05
1.55131778e-05
3.11836584e-05
1.43060654e-04
3.52301030e-04
1.61263735e-04
1.25301322e-04
3.99530007e-05
9.65085222e-05
3.54528583e-05
2.82170238e-05
4.94628855e-05
1.41625184e-04
1.73964050e-04
5.70988467e-05
1.45382241e-05
4.55602868e-05
5.14882676e-05
1.35793386e-04
1.47589009e-04
7.47432669e-05
2.74720485e-04
7.03086927e-05
1.36370090e-04
1.68171019e-04
7.49735606e-05
1.35372759e-04
4.13198429e-05
3.34602016e-05
2.37724853e-05
3.42114702e-05
9.08816305e-05
1.80334586e-04
6.61791208e-05
9.48096792e-05
2.39841143e-05
4.65364587e-05
1.02661462e-04
4.72967873e-05
8.66272574e-05
2.30552293e-04
1.24572307e-04
4.93934248e-05
8.18379340e-05
1.30058440e-04
5.11311158e-05
1.56080907e-05
5.08512341e-06
2.23705288e-06
1.15572395e-05
2.99454830e-05
2.59932955e-05
2.08861374e-05
2.63943718e-05
7.02470394e-05
5.43219655e-05
1.61517830e-04
1.81492090e-04
4.51625085e-04
5.35938943e-04
2.25141646e-04
1.96046889e-04
1.76874350e-04
1.52199519e-04
7.90404706e-05
3.65662536e-05
1.14695678e-04
6.13498551e-05
5.16222582e-05
2.38776521e-05
2.16067774e-05
7.79050271e-05
4.05606465e-05
5.77262873e-05
4.26815251e-05
1.42697697e-05
2.57112228e-05
1.53656978e-05
2.97446579e-05
2.30885240e-05
2.11730942e-05
1.99897244e-05
2.23975597e-05
1.90889457e-05
5.02879370e-05
1.16601317e-04
4.37549496e-05
1.55954908e-05
3.40538658e-05
2.28646353e-05
1.61500289e-05
4.73024113e-05
1.49568474e-05
1.31294271e-05
1.97701062e-05
1.98012442e-05
1.13538402e-05
3.30999738e-05
1.96122265e-05
2.49574509e-05
3.78460099e-05
8.47848496e-05
1.45784439e-04
6.33554814e-05
5.48023865e-05
3.22232244e-05
1.03689197e-05
1.24896766e-05
1.07022649e-05
2.50649840e-05
3.91420845e-05
4.28090429e-05
7.18341063e-05
1.16972333e-04
1.09664200e-04
4.04403660e-05
1.02978041e-05
4.47225717e-05
2.80880735e-05
7.54598636e-05
6.81376776e-05
3.14863043e-05
1.62067287e-05
7.24217489e-05
9.33122516e-05
9.06560306e-05
3.73474096e-04
4.70935251e-04
2.40356521e-04
1.47724617e-04
1.10725266e-04
1.01376272e-05
1.34323725e-05
3.80936110e-05
3.49407516e-05
6.28147258e-06
1.56978137e-05
7.69790005e-05
3.28384850e-05
6.98013281e-05
3.85670898e-05
1.02118661e-04
5.31106447e-05
2.11966829e-05
1.01159091e-05
4.69937078e-05
4.69517880e-05
4.15316814e-05
3.77004126e-05
6.51660313e-06
2.87519860e-05
1.47204701e-05
1.69268653e-05
1.76002521e-05
1.59674889e-05
3.06473649e-05
8.01640376e-05
6.36118775e-05
1.28283483e-04
2.51000778e-04
4.73548309e-05
5.93706291e-05
2.42371211e-05
3.09612106e-05
4.68478420e-05
3.67072434e-05
2.81830198e-05
2.61896629e-05
1.66910835e-05
1.92407758e-05
4.66108588e-05
4.15127724e-05
1.49048261e-05
2.66670996e-05
2.07391031e-05
8.92174497e-06
9.55838909e-06
1.64351450e-05
3.76007645e-05
2.69805009e-04
1.10819414e-04
7.78580635e-05
3.25914860e-05
4.19585227e-05
4.04019892e-05
3.52221922e-05
1.77353727e-05
3.16516662e-05
2.15024764e-05
3.82271772e-05
3.91625830e-05
1.69335783e-05
4.06019992e-05
6.07921359e-05
5.30711058e-05
8.38900114e-05
6.49706105e-05
1.24463766e-04
7.39605448e-05
6.73418071e-05
1.12935886e-04
3.49135419e-05
1.95883135e-04
1.67818122e-04
6.87481726e-05
2.23691671e-04
4.75870127e-04
2.26449924e-04
1.38292125e-04
7.70284224e-05
7.87673272e-05
5.16032604e-05
4.16474774e-05
3.51498119e-05
1.10534844e-04
2.93395052e-04
7.24740094e-05
6.18267762e-05
4.94291977e-05
3.05217909e-05
3.10623972e-05
5.43283905e-05
4.17694234e-05
7.50588747e-05
6.43874056e-05
2.22907361e-05
1.49680890e-05
7.84973328e-06
1.23111793e-05
3.28318615e-05
1.73045756e-05
1.42337454e-05
9.10837160e-06
3.83289756e-05
1.83161695e-05
1.65532841e-05
3.12155345e-06
6.13687274e-06
1.48251740e-05
6.42040779e-05
7.24596394e-05
3.70624508e-05
4.89862350e-05
3.26970795e-05
6.19655341e-05
1.20052207e-05
9.84112775e-06
1.14681679e-05
3.35483616e-05
1.36239198e-04
2.41502187e-05
1.91269600e-04
1.16674605e-04
1.26172638e-04
2.92380530e-04
2.76499185e-04
8.30764205e-05
1.76535766e-04
1.97489990e-04
2.82150960e-04
9.56800982e-05
1.16587359e-04
9.21290694e-05
1.22750385e-04
5.88443318e-05
9.62919625e-05
3.54387446e-05
2.73072023e-05
2.25946844e-05
4.91905751e-05
9.64829622e-05
6.48769624e-05
9.20845564e-05
6.23123119e-05
2.00424682e-05
3.03934212e-05
3.65441768e-05
5.29036712e-05
4.35408638e-05
2.69626809e-05
4.23401449e-05
4.34266839e-05
1.07461126e-04
1.74714654e-04
1.42358460e-04
1.10353485e-04
1.06132477e-04
4.61276140e-05
4.65051492e-05
1.43970434e-04
3.67739470e-05
5.12826800e-05
1.65021473e-05
1.97531607e-05
1.25674543e-05
1.15856059e-05
7.95374726e-06
8.19759856e-06
3.57257536e-05
5.72398789e-05
3.31443918e-05
2.80087661e-05
1.14804952e-04
2.54982148e-04
6.59637645e-05
2.65215378e-05
2.22256790e-05
1.32971837e-05
1.71805539e-05
2.02720165e-05
3.44042762e-05
4.39541762e-05
4.12066516e-05
6.33751012e-05
5.91802313e-05
2.03083243e-05
4.78476531e-05
5.83445897e-05
3.57313500e-05
2.66253646e-05
2.84418569e-05
1.75042422e-05
5.61104761e-05
1.50385791e-05
4.45342849e-05
4.12330925e-05
7.26187409e-05
3.56927686e-05
9.25045617e-05
3.91353685e-05
1.01535682e-04
2.65894819e-04
1.21885806e-04
1.13363359e-04
2.57111237e-04
8.46212147e-05
7.92588862e-05
9.97949025e-05
4.58364643e-04
1.55801333e-04
1.62242224e-04
3.73215122e-04
2.26027315e-04
8.87335956e-05
3.71301658e-05
2.19356818e-05
8.56114588e-06
3.12324160e-05
1.70391245e-05
1.17759748e-04
4.17810493e-05
3.38630095e-05
2.14048083e-05
6.89125300e-05
1.60633513e-04
2.41095064e-04
2.85536873e-04
6.17027343e-04
5.60309431e-04
4.86100889e-04
3.40074338e-04
3.17280039e-04
1.29646347e-04
5.33787620e-05
3.94580560e-05
3.68292820e-05
2.25039534e-04
1.20683530e-04
8.64412382e-05
3.37756071e-05
3.58645298e-05
9.68976683e-06
7.67066985e-06
5.15907948e-06
2.30239244e-05
3.06491585e-05
3.73549056e-05
6.88990471e-05
3.93141298e-05
6.15412907e-05
7.01086941e-05
1.69883528e-04
1.77429093e-04
2.96881733e-04
1.55348409e-04
1.95551592e-04
1.16031376e-04
8.80677101e-05
4.56723642e-05
6.00656005e-05
1.11850189e-04
3.28479538e-05
3.55863220e-05
3.42242280e-05
5.30395272e-05
5.55521765e-05
6.36420042e-05
1.97030118e-05
3.54011875e-05
4.51661517e-05
6.92971983e-05
7.77468296e-05
4.91269313e-05
6.13898332e-05
7.99441009e-05
9.02557583e-05
3.75237022e-05
1.04145800e-04
1.98494438e-05
4.10684340e-05
3.93270031e-05
3.91782294e-05
7.10646760e-05
3.43173267e-05
3.35393196e-05
1.02500553e-04
7.59078791e-05
2.64550258e-05
6.80310542e-05
3.95596629e-05
9.59260869e-05
1.49476517e-04
1.10796673e-04
1.34552407e-04
9.33236558e-05
1.43506312e-04
2.61370522e-04
1.56342190e-04
4.81595119e-05
3.40938250e-05
1.87452628e-05
5.19603431e-05
1.76153577e-04
6.36251224e-05
6.34190411e-05
2.02614296e-05
8.71717914e-06
5.58827965e-06
3.22174140e-06
1.02022677e-05
1.15435582e-05
3.95763214e-05
3.95642010e-05
1.44425739e-04
1.63249518e-04
1.45533647e-04
6.10730726e-04
2.99192737e-04
6.98344514e-04
2.18598244e-04
2.17531846e-04
1.85381832e-04
5.51902680e-05
5.32662061e-05
2.86220454e-05
1.18083439e-05
5.36007548e-05
1.21086817e-04
1.06026453e-04
8.69524345e-05
2.60754221e-04
1.17871268e-04
8.19080841e-05
1.57632668e-04
1.47626335e-04
2.38073210e-04
3.12453038e-04
3.92636835e-04
4.00782100e-04
7.37053616e-05
6.04195058e-05
2.59274740e-05
1.19771602e-04
5.75253046e-05
1.09626612e-04
2.26751500e-04
1.87504389e-04
7.24299517e-05
2.65774521e-05
6.63578618e-05
1.04386369e-04
3.32422924e-05
1.66588875e-05
3.35216285e-05
1.10977414e-05
1.10615605e-05
2.12550963e-05
5.51671501e-05
2.69831395e-05
1.66635523e-05
1.56225219e-05
2.82962870e-05
6.86244001e-05
5.02146125e-05
4.38501065e-05
1.97972763e-05
9.43065193e-05
1.03718657e-04
1.55795806e-04
1.14914602e-04
1.10661542e-04
5.71640617e-05
1.70869867e-05
4.22479718e-05
2.83501414e-05
2.61138173e-05
5.05201932e-05
2.30792102e-05
1.58916352e-05
1.96060597e-05
2.36221417e-05
1.22857155e-04
2.39234244e-05
3.33835778e-05
6.51334897e-05
1.22736808e-04
1.26939433e-04
3.88161247e-05
2.85165565e-05
4.39971800e-05
1.34606325e-04
4.99876520e-05
2.22575242e-05
3.24992783e-05
6.81341679e-06
2.20923184e-05
9.21534086e-06
4.35455105e-06
1.76735027e-05
2.38395431e-05
2.18174976e-05
2.36617089e-05
5.18243150e-05
6.72620344e-05
4.20517142e-05
1.09938140e-04
6.22694590e-05
5.09125143e-05
4.02227102e-05
6.26744621e-05
1.62931445e-05
4.92270695e-05
4.27682422e-05
1.39223088e-04
4.41374267e-05
3.18436498e-05
4.11278837e-05
4.04765474e-05
1.95838192e-05
7.45169772e-06
5.81604436e-06
5.66284265e-06
5.44597005e-06
2.54132587e-05
1.81181082e-05
3.35879737e-05
5.38950891e-05
1.72038998e-05
2.83229020e-05
1.94715231e-05
4.21977568e-05
5.63969911e-05
9.36362819e-05
4.04766967e-05
1.07233912e-05
2.21701181e-05
5.67664456e-05
1.62259302e-04
2.06103669e-04
2.29190295e-04
9.04362593e-05
2.15576104e-05
2.15062858e-05
1.21964145e-05
2.34250550e-05
2.49566886e-05
2.72386557e-05
1.38563036e-04
6.13468957e-05
2.26980285e-05
4.13192973e-05
5.16582860e-05
4.76204677e-05
1.03864671e-04
7.85329619e-05
1.15671836e-04
3.31380940e-05
9.65316251e-05
5.09456195e-05
6.29762269e-05
5.59615033e-05
1.97770790e-05
3.30924671e-05
6.29643299e-05
9.09157109e-05
6.66945143e-05
1.64189127e-04
2.05269898e-04
1.77587806e-04
1.82320646e-04
1.02745927e-04
2.17066075e-04
2.83358114e-04
1.30016929e-04
8.67717786e-05
4.38155540e-05
7.81236286e-05
1.37418347e-04
1.70111675e-04
8.72687589e-05
9.00100920e-05
3.55491427e-05
9.17822826e-05
1.34064949e-04
2.93005150e-05
2.06910545e-05
1.22265576e-05
5.87107298e-05
4.71169637e-05
4.63186223e-05
3.95728558e-05
5.65638939e-05
5.99987659e-05
3.78925411e-05
1.06859181e-04
1.09286320e-04
5.10382219e-05
4.28100888e-05
4.89372433e-05
3.44100281e-05
2.14613193e-05
1.32842797e-05
1.42414849e-05
4.91999647e-05
1.61860561e-05
3.74724147e-05
1.11827053e-04
1.61740201e-04
2.73086232e-04
9.05462751e-05
1.70379746e-04
2.98053842e-04
9.67189480e-05
1.68644529e-05
3.25642743e-05
1.15189657e-04
1.65787731e-04
1.80356175e-04
8.22399063e-05
4.40720024e-05
1.73018075e-04
3.81217197e-04
4.01701562e-04
3.12281721e-05
6.29524987e-05
6.13230297e-05
2.97945419e-05
7.06417975e-05
3.82384027e-05
4.35360342e-05
2.50573403e-05
6.57914747e-05
3.53091090e-05
1.13326581e-04
8.54325302e-05
5.71775501e-05
9.23056205e-05
1.17626136e-04
6.08922617e-05
6.39984129e-05
1.28192263e-04
1.39266118e-05
3.41275558e-05
1.33174172e-04
1.84774934e-05
2.03148992e-05
1.57387074e-05
1.58219912e-05
8.55503255e-06
1.27089917e-05
2.81202751e-05
1.86448059e-05
3.55151386e-05
1.74959807e-05
2.83414690e-05
3.96695540e-05
1.22423314e-05
1.09314731e-06
2.22342998e-06
5.25956151e-06
8.56108521e-06
6.83787054e-06
1.77026542e-05
1.04703187e-05
9.17277411e-06
2.08584519e-05
4.81204975e-05
5.63245594e-05
2.95638271e-05
9.21176320e-05
5.67528272e-05
9.87309015e-06
1.23092680e-05
4.28106800e-05
6.00182514e-05
5.32531308e-05
3.63303729e-05
1.12195866e-04
2.80531135e-05
1.82405215e-05
9.83442758e-06
6.58147991e-06
8.82717129e-06
2.18030802e-05
6.85255100e-06
4.62074301e-06
6.06304545e-06
4.88439662e-06
8.14282857e-06
1.08179466e-05
3.22789687e-05
1.41866305e-04
1.83663849e-04
1.44412607e-04
2.00967616e-04
1.00077726e-04
1.01002377e-04
1.07803643e-04
4.63620302e-05
4.40472173e-05
3.72534592e-05
2.54120231e-05
3.35802000e-05
1.80228956e-05
1.89912782e-05
2.48836327e-05
1.94559842e-05
8.33941009e-06
1.11189187e-05
1.63868877e-05
2.81279822e-05
2.12633922e-05
2.30723692e-05
3.38728854e-05
2.08090458e-05
3.49745381e-05
1.96841109e-05
5.65022430e-05
4.34968504e-05
6.50589942e-05
1.95515979e-05
1.12336499e-04
1.45624964e-04
1.01670112e-04
5.96841846e-05
3.47362611e-05
9.85687905e-05
6.49065863e-05
5.66215335e-05
3.02410709e-04
3.03068148e-04
8.70300634e-05
3.96699431e-04
1.13164689e-04
2.27280782e-05
2.18007870e-05
1.60589680e-05
2.23461646e-05
2.01446928e-05
1.88992779e-05
1.70577756e-05
3.36093526e-06
7.98901795e-06
4.60174284e-06
3.33359771e-06
6.21643719e-06
6.42182227e-05
6.84480014e-05
3.56465492e-05
3.23418292e-05
3.74620805e-05
5.36731544e-05
6.05485250e-05
1.00840805e-04
4.81302312e-05
3.85144400e-05
3.25072694e-05
6.79927772e-05
3.01916225e-05
1.05831779e-05
9.77228592e-05
1.24026438e-04
1.18366385e-04
1.00550852e-04
5.09792101e-05
9.37637741e-05
7.66468375e-05
1.27613807e-04
1.70899398e-04
1.57787947e-04
