1.39901504e-04
1.89076504e-04
1.28080594e-04
9.21722757e-05
4.24260547e-04
1.28454801e-04
6.06422500e-05
1.48001372e-05
1.14205247e-05
1.21063078e-05
4.34145048e-05
2.05696786e-05
3.34111065e-05
3.21414049e-05
1.75923807e-05
4.76773722e-05
2.32601948e-04
2.19473076e-04
1.74505734e-04
1.42942622e-04
1.23012556e-04
1.51023622e-04
6.38618026e-05
2.85419645e-05
7.90763651e-05
5.93915837e-05
1.93552769e-04
3.90903807e-04
2.39933923e-04
1.10095993e-04
4.50825676e-05
9.52848954e-05
2.64136278e-05
7.40035658e-06
5.07895105e-06
3.25743009e-06
6.31096371e-06
3.52014708e-05
2.71266478e-05
2.68935743e-05
4.55830431e-05
1.22513295e-05
2.02563387e-05
2.01378582e-05
5.13703509e-05
2.90360497e-05
1.95135574e-05
1.32902931e-04
2.11172391e-04
1.43455966e-04
1.38406114e-04
3.21617311e-04
1.26049771e-04
3.40942894e-04
9.90026246e-05
7.37653578e-05
4.52884392e-05
1.24596141e-05
7.51369424e-06
9.00365770e-06
4.10062241e-06
1.51798868e-05
2.41982179e-05
4.21412545e-05
5.64735020e-05
4.49859716e-05
1.24031067e-04
1.78452533e-04
8.62672207e-05
6.76408154e-05
1.39062634e-05
1.93741516e-05
2.13299469e-05
1.14571592e-05
6.47608640e-05
3.58431963e-05
2.29512627e-05
1.17602304e-05
1.13410780e-05
2.95125611e-05
9.47742316e-06
5.54373561e-05
1.40305762e-04
4.17327130e-05
1.94481763e-05
1.87662649e-05
5.92484009e-06
5.81551883e-05
4.65221160e-05
1.83509569e-05
9.33056524e-05
7.05746055e-05
2.12937474e-05
7.15315105e-06
6.55563377e-06
1.08278209e-05
1.13141009e-05
2.08450904e-05
2.98838084e-05
2.09411415e-05
1.30667785e-05
1.64627151e-05
1.15490806e-05
1.68665767e-05
5.08341811e-06
9.83192771e-06
2.86873354e-05
4.01074634e-05
8.64369518e-06
3.22840486e-05
6.63141932e-05
5.57737623e-05
1.30105689e-04
9.71609037e-05
1.06230080e-04
5.22795739e-05
9.30743708e-05
1.91278989e-04
1.96835067e-04
1.74536881e-04
1.50866982e-04
5.33254545e-05
2.73208446e-05
1.98154501e-05
1.29738260e-05
2.12953898e-05
1.72128065e-05
6.51578651e-06
3.12624945e-06
1.08491714e-05
2.23962514e-05
4.23642015e-05
2.69176761e-05
2.22196157e-05
3.80072150e-05
1.19798482e-05
6.37459685e-06
8.18419090e-06
7.30699849e-06
1.11543231e-05
1.14068773e-05
6.84044671e-05
1.33330255e-04
2.29615142e-04
3.01021107e-04
2.00840159e-04
1.59500926e-04
1.07283100e-04
2.04986329e-05
2.13485304e-05
1.02383754e-05
1.27765605e-05
2.23230871e-05
5.28140591e-05
8.35313024e-05
2.45015041e-05
2.99378699e-05
9.06579806e-05
9.14300352e-05
6.34225363e-05
9.61484358e-05
2.00043385e-04
3.77017449e-04
2.75576350e-05
3.89415003e-05
5.13800400e-05
5.76291828e-05
9.10717195e-05
4.04464923e-05
6.04407824e-05
5.43106716e-05
1.04117374e-04
9.64578474e-05
1.21712951e-04
1.55999738e-04
9.29310745e-05
8.39497413e-05
3.45446383e-05
3.07999913e-05
7.91113512e-05
2.37351336e-05
3.55870945e-05
4.70173780e-05
5.62759914e-05
4.79897657e-05
3.14079146e-05
4.37170908e-05
5.38956641e-05
6.08533034e-05
6.37740328e-05
6.18319618e-05
1.07473771e-04
9.72053036e-05
7.19478884e-05
1.48319104e-05
2.41808582e-05
1.57404371e-05
1.36282845e-05
2.04228777e-05
1.70592551e-05
9.29255040e-06
8.75692464e-06
2.73901906e-05
3.27805938e-05
3.87636531e-05
5.16855762e-05
4.18964622e-05
2.34288967e-05
3.87763526e-05
1.00793310e-04
1.29549537e-04
4.16181182e-05
1.90904807e-05
1.34397035e-05
1.49421632e-05
2.85590332e-05
4.12015860e-05
5.59201408e-05
1.08253064e-05
1.11363707e-05
1.21291205e-05
1.20177364e-05
7.62429918e-06
1.33347414e-05
5.78470557e-06
8.19663605e-06
6.78129253e-06
1.12499472e-05
1.77220191e-05
1.61207309e-05
2.61298311e-05
2.41792850e-05
1.85266980e-05
3.45440097e-05
4.21146594e-05
8.07319776e-05
3.96340890e-05
5.18900797e-05
6.37400399e-05
6.64219867e-05
5.41309537e-05
6.51533161e-05
6.98940906e-05
1.09962268e-04
1.85575739e-04
2.47505835e-04
3.02145427e-04
1.05684411e-04
1.40743282e-04
7.27304360e-05
1.12670845e-04
3.53106294e-04
2.65241918e-04
2.37612861e-04
7.62832081e-05
7.75995349e-05
4.54085031e-05
7.51789282e-05
1.11617003e-04
6.98540459e-05
7.66576514e-05
2.62014755e-05
7.75786283e-05
1.19242975e-04
1.42224235e-04
1.93540866e-04
2.18982692e-05
1.94046963e-05
3.02487164e-05
2.50992152e-05
1.32433650e-04
6.79005962e-05
4.56651397e-05
9.97110475e-05
8.87709174e-05
1.18752418e-04
1.10004767e-05
1.81940787e-05
7.83081731e-06
2.26602771e-05
9.36403660e-05
4.05801060e-05
2.52734965e-05
4.38106098e-05
1.45262530e-04
4.18756751e-05
1.08327813e-04
3.58912259e-05
1.33678355e-05
2.88473327e-05
5.47484457e-05
3.05642822e-05
3.18988735e-05
2.99918571e-05
1.18123204e-05
7.79786963e-06
7.59507452e-06
3.59206406e-06
9.52941096e-06
1.72405561e-05
6.26170103e-06
1.10294078e-05
3.18761582e-05
6.26934108e-05
6.96275990e-05
4.68799818e-05
8.63760639e-05
8.06075251e-05
1.57955089e-04
1.64289300e-04
1.68936042e-04
3.92074360e-04
2.39789667e-04
7.52303831e-05
4.27695831e-05
3.89747707e-05
3.78498403e-05
2.98781561e-05
8.83976999e-05
2.99627057e-04
2.19638455e-04
9.97655644e-05
6.85790985e-05
7.61715369e-05
1.37807804e-04
7.71644155e-05
3.45630552e-05
4.93284663e-05
5.12038465e-05
4.46587908e-05
1.01658160e-04
3.54658770e-05
3.56061701e-05
2.24937260e-05
1.34978325e-05
1.04272493e-05
8.69999096e-05
1.25292334e-04
7.67707769e-05
9.14309877e-05
4.70033894e-05
5.03530357e-05
2.15743443e-05
1.03662795e-05
1.03418757e-05
3.73889376e-06
2.49440463e-05
7.38093886e-05
8.38992864e-05
3.73870386e-05
3.69353098e-05
2.07967440e-05
4.08814521e-05
5.88756996e-05
7.32335070e-05
8.43688568e-05
6.40850242e-05
5.75671156e-05
3.06559233e-05
1.93987422e-05
4.06599045e-05
1.26304480e-04
1.58417403e-04
1.99248789e-04
2.71134180e-04
8.14372795e-05
3.19618062e-05
1.83075668e-05
6.16535710e-06
1.77572501e-05
3.85512499e-05
5.03203838e-05
8.90614921e-05
1.52026972e-04
1.28315163e-04
1.69462632e-04
1.65734094e-04
1.15168458e-04
7.44838742e-05
1.01811071e-04
3.70672581e-05
5.52149177e-05
4.53896860e-05
4.15884487e-05
4.68913841e-05
1.09284431e-04
6.57611134e-05
4.45390458e-05
5.69183386e-05
1.21762804e-04
7.81866889e-05
1.43583366e-04
2.84157651e-04
4.34333292e-04
4.18657050e-04
3.68651449e-04
5.70392350e-05
4.31863905e-05
1.68523042e-04
1.34848833e-04
1.84605948e-04
1.18070699e-04
1.10769386e-04
1.26863616e-04
1.69449979e-04
1.08153746e-04
1.43177344e-04
5.57128947e-04
2.70594224e-04
1.24768218e-04
2.45744914e-05
4.13115778e-05
5.05874836e-05
1.35650285e-04
1.22713905e-04
1.42375711e-04
1.77664156e-04
7.81947262e-05
5.56641986e-05
7.69181623e-06
1.12720126e-05
1.03598270e-05
8.09100375e-06
6.65985477e-06
1.19749157e-05
2.11209889e-05
5.19856815e-05
6.16420720e-05
6.81134848e-05
1.14644522e-04
4.43258444e-04
2.45129365e-04
1.81898509e-04
3.90690980e-05
3.37864591e-05
2.19757927e-05
2.68412218e-05
3.74354631e-05
2.66083266e-05
9.06170457e-05
1.05787736e-04
1.20070294e-04
6.31229907e-05
1.26875005e-04
3.29639557e-05
1.98520894e-05
1.82934970e-05
6.25026694e-05
3.23466454e-05
2.85244369e-05
2.42078181e-05
1.23715297e-04
7.44725655e-05
5.24179711e-05
7.81383426e-05
8.20457704e-05
4.25506900e-05
1.02438890e-04
7.74036641e-05
2.16400954e-05
4.23167505e-05
5.98726620e-05
1.42823017e-04
5.86713051e-04
2.37455309e-04
3.14775604e-04
3.86918986e-04
4.71140035e-04
5.81576744e-04
2.05613389e-04
4.82254449e-04
1.81695422e-04
4.90897970e-05
6.96781168e-05
1.09396498e-04
6.69377386e-05
4.25363438e-05
5.28705902e-05
1.41421563e-05
4.33442077e-05
3.34522118e-05
3.57672193e-05
4.45033265e-05
7.23877152e-05
9.36141103e-05
7.15026224e-05
3.17776929e-04
4.14909934e-04
4.76610692e-04
3.81670986e-04
5.23544254e-04
4.66719937e-04
1.00460355e-04
2.75628745e-05
1.95865338e-05
6.42044305e-05
1.03623631e-04
1.09515386e-04
1.51997587e-04
3.74799630e-04
1.40723516e-03
5.22394779e-04
1.10660674e-04
1.84243023e-04
1.91964668e-04
3.58756196e-05
1.45361196e-05
3.52601849e-05
3.69539096e-04
2.92363289e-04
8.21362346e-05
6.37354726e-05
9.60058282e-05
8.65569172e-05
1.57637760e-04
2.23089094e-04
8.91687864e-05
3.01227044e-05
1.62538534e-05
3.97535039e-05
1.86718780e-05
1.08418759e-05
1.11237818e-05
1.63097300e-05
1.10048714e-05
1.07078956e-05
1.07327240e-05
3.93402635e-06
1.92318706e-05
3.50231389e-05
2.31005847e-05
1.94510314e-05
3.07471732e-05
6.72635975e-05
9.49025093e-05
4.85001772e-05
4.27649278e-05
4.35809283e-05
9.81324851e-05
8.59765755e-05
2.88290872e-05
2.90423783e-05
2.64696115e-05
9.14013037e-05
3.24235346e-05
7.48001444e-05
2.70165000e-05
2.09183495e-05
2.82055245e-05
1.25704730e-05
2.68756673e-05
6.07978661e-05
4.12760651e-05
6.05827503e-05
1.76423558e-04
9.78956284e-05
8.82387984e-05
1.04777877e-04
5.81746847e-05
8.90959235e-05
7.61961312e-05
2.62976652e-05
2.29852706e-05
1.49762976e-05
3.54569240e-05
1.64716346e-05
2.84650284e-05
1.22068752e-05
1.56944041e-05
9.45382589e-06
8.99524858e-06
2.39305678e-05
1.73250185e-05
7.09552063e-05
2.35727113e-05
4.81166077e-05
4.84471355e-05
2.29495902e-05
3.04096447e-05
9.09318242e-06
6.37281595e-06
1.73113232e-05
5.99443508e-05
5.39189192e-05
1.04080401e-04
5.08898348e-05
3.98439867e-05
7.71783608e-05
3.12830521e-05
5.54537729e-05
9.16836830e-05
2.35733241e-05
1.85409215e-05
1.42739332e-05
2.07435856e-05
2.28165997e-05
2.50095951e-05
3.43538974e-05
2.00102214e-05
1.85796018e-05
2.82883750e-05
1.68945209e-05
3.94624964e-05
1.42911755e-05
5.38773154e-05
2.10344970e-05
4.34329777e-05
5.74379154e-05
1.26561244e-04
1.87257189e-04
7.56888275e-05
6.63432626e-05
6.49848446e-05
5.69187474e-05
3.61544136e-05
5.20227941e-05
1.41407670e-05
1.06151818e-05
1.00573700e-05
1.73688630e-05
6.62832723e-05
6.41397724e-05
6.89846792e-05
8.07571952e-05
6.26476175e-05
1.18052969e-04
8.09172870e-05
4.40928486e-05
5.94869712e-05
6.76855553e-05
5.19495196e-05
1.30563395e-04
2.30321814e-04
6.40759159e-05
5.53593290e-05
4.91522260e-05
1.74780599e-05
1.58471163e-05
1.38527722e-05
2.03548528e-05
4.40587640e-05
4.14977415e-05
2.34343387e-05
3.99067522e-05
9.33393211e-05
3.65889382e-05
6.84243992e-05
1.66534281e-04
1.34665986e-04
9.91040505e-05
3.74069117e-05
2.19178738e-04
3.45310623e-05
5.68695665e-05
3.79975517e-05
2.52581540e-05
2.25894997e-05
3.35339555e-05
4.51555275e-05
1.70952073e-05
2.26209345e-05
1.14724346e-05
1.79933385e-05
2.42337183e-05
2.20981352e-05
2.71404197e-05
2.07209260e-05
2.78925162e-05
1.89830319e-05
7.14732648e-06
1.29365806e-05
1.54747950e-05
4.81391245e-06
1.17899016e-05
2.28692740e-05
1.50936343e-05
3.32297118e-05
8.00724268e-05
4.45608539e-05
2.31788435e-05
2.94184447e-05
1.63811145e-04
1.47490102e-04
9.60493086e-05
7.40192672e-05
5.47588102e-05
3.31846617e-05
2.49521222e-05
3.52142215e-05
2.61818487e-05
2.12692125e-05
6.37985006e-06
3.31728229e-06
1.37029919e-06
3.71335236e-06
5.54298092e-06
5.80275136e-06
7.63079241e-06
1.41475184e-05
1.02767490e-05
1.22221949e-05
1.40737625e-05
1.82808980e-05
1.61207842e-05
4.07112255e-05
2.52374046e-05
1.69100878e-05
4.61959320e-05
7.93912977e-05
5.68501001e-05
1.55321046e-04
4.36167285e-05
7.94402785e-05
5.11318419e-05
1.39522963e-04
5.88749268e-05
5.90405632e-05
7.16761592e-05
3.58117630e-05
1.46737091e-05
9.93293467e-06
7.21077594e-06
1.75297820e-05
9.29949223e-05
1.92083903e-04
2.24702883e-04
1.46845764e-04
1.69706693e-04
7.72247683e-05
4.14041472e-05
4.64070783e-05
5.81523599e-05
5.18493328e-05
1.06616635e-04
6.34918772e-05
4.77942275e-05
2.45667345e-05
3.25196547e-05
4.20128885e-05
4.11259652e-05
1.08906027e-05
4.44830272e-05
7.39008600e-05
8.29110626e-06
8.05683427e-06
6.05084737e-06
1.40673192e-05
7.59018742e-06
6.81698396e-06
3.79864672e-06
4.64128219e-05
2.91823875e-05
3.42165398e-05
1.68609441e-04
1.11414586e-04
2.34255557e-04
6.91380662e-05
2.13005829e-05
8.80029808e-05
6.58407757e-05
4.34397160e-05
1.12019686e-04
3.42245903e-05
3.54295526e-05
1.43278390e-04
7.05077274e-05
6.94739872e-05
1.62819239e-04
3.02654245e-05
5.76674920e-05
1.90172367e-05
2.75366435e-05
2.36087632e-05
3.31306813e-05
2.35285920e-05
2.77666574e-05
7.70192004e-05
1.25303068e-04
1.38392535e-04
4.41068514e-05
7.52571980e-05
1.07506690e-04
6.68612582e-05
5.65907157e-05
1.76966535e-05
2.03551142e-05
5.04107478e-05
8.83783978e-05
5.37793639e-05
5.89322527e-05
1.91619689e-05
2.78590965e-05
3.86724733e-05
6.46316771e-05
3.98786532e-05
3.75813578e-05
1.86292098e-05
3.12637419e-05
7.83634706e-05
1.35062267e-04
1.49699345e-04
1.74048535e-04
1.11698424e-04
4.78823747e-05
7.41860297e-05
1.26059710e-04
2.75933643e-05
1.99930039e-05
1.61513726e-05
2.88603288e-06
2.25502814e-06
3.24280500e-06
1.00079250e-05
8.39695647e-06
6.13762175e-06
7.21037863e-06
8.68336108e-06
1.81219030e-05
1.10158249e-04
8.06408493e-05
3.93602293e-05
4.45145468e-05
1.89590863e-05
2.30739623e-05
5.20941909e-05
3.09264345e-05
1.99825151e-05
9.57137686e-05
4.35089856e-04
1.33279917e-04
1.42373195e-04
9.94019585e-05
5.05708594e-05
2.33476123e-05
9.89875707e-06
1.76653363e-05
5.29599456e-05
7.48333250e-05
2.62804551e-05
7.75663162e-05
2.95731838e-05
1.07389764e-04
1.01481244e-04
1.03567806e-04
1.27000985e-05
2.24158931e-05
3.56878158e-05
5.78656325e-05
6.51343581e-05
1.41539072e-05
1.57685657e-05
3.49682147e-05
2.17871779e-05
4.43333313e-05
7.79505152e-05
9.24693798e-05
6.11535256e-05
3.01247827e-05
1.68031927e-05
5.06743575e-05
7.56314623e-05
5.20136317e-05
3.81669717e-05
1.78042958e-05
2.34820441e-05
2.60381025e-05
3.66498920e-05
2.70705470e-05
4.72373283e-05
2.38787966e-04
4.26784476e-04
1.70422434e-04
7.81905237e-05
1.01319478e-04
1.03760620e-04
8.32561478e-05
2.29612432e-05
1.70752209e-05
1.66384056e-05
8.48709384e-05
1.34980796e-04
5.09993032e-05
4.86520249e-05
7.92374118e-05
4.63856206e-05
6.47302453e-05
3.36902133e-05
1.02366399e-04
3.63013541e-05
3.00140861e-05
9.73812215e-06
2.91681049e-05
1.30134211e-05
7.94849132e-06
1.62877662e-05
1.61147519e-05
5.87969064e-05
1.65596613e-05
2.57063608e-05
1.17597500e-05
2.63448589e-06
1.79775647e-06
3.01986573e-06
1.01623582e-05
4.43644934e-06
1.73400469e-05
1.44279383e-05
1.39285388e-05
8.85743519e-05
1.73993534e-04
1.16166575e-04
9.22831656e-05
1.80483062e-04
1.00174077e-04
3.49182492e-05
3.93142937e-05
7.93536225e-05
5.54763166e-05
1.71836637e-04
1.54297293e-04
6.00855291e-05
4.80825890e-05
1.38947098e-04
7.23010981e-05
1.77124694e-04
6.43379132e-05
1.16645336e-04
1.78077706e-04
5.39611435e-05
6.63491033e-05
9.81086509e-05
4.17641557e-04
1.66991864e-04
4.52756088e-05
3.83305902e-05
7.25958123e-05
4.44513809e-05
1.23358651e-04
6.64407075e-04
1.00022581e-03
4.53139292e-04
1.45661127e-03
2.37258698e-04
3.13415080e-04
2.01790510e-04
9.87378796e-05
9.46334255e-05
9.59139129e-05
7.12155131e-05
1.61388716e-05
2.28333857e-05
5.82253360e-05
4.85386840e-05
2.90977080e-05
2.91516779e-05
3.53624709e-05
1.49239192e-05
1.52881219e-05
5.15333467e-06
2.14143921e-06
3.31140128e-06
8.86154662e-06
8.89855518e-06
2.50438729e-05
7.22006920e-05
1.55799931e-04
2.05360947e-05
1.22601924e-05
8.85281302e-05
1.07207604e-04
8.90064333e-05
9.20116072e-05
2.57575597e-05
1.46802965e-05
1.46312347e-05
4.27306070e-05
7.25843919e-05
1.78016013e-04
2.46789367e-04
1.97859849e-04
5.48874508e-05
7.98496440e-05
4.27453997e-05
1.84809099e-05
5.19395521e-05
1.88439361e-05
6.60262071e-05
7.16034173e-05
7.94877619e-05
3.89622998e-05
2.77032840e-05
6.16250596e-05
1.39493907e-04
1.81219344e-04
8.75332158e-05
4.92450999e-05
1.56007145e-05
2.11916481e-05
2.14373311e-05
2.92667299e-05
3.62125063e-05
5.06527552e-05
7.37816385e-05
1.01934332e-04
5.04599107e-05
4.58213981e-05
7.04746042e-05
7.12442422e-05
3.32970877e-05
5.14504454e-05
5.32085107e-05
4.39063389e-05
5.70692201e-05
3.69219473e-05
3.87433200e-05
9.72714435e-05
1.01078374e-04
1.19745749e-04
1.00747507e-04
9.70594092e-05
2.36634688e-05
2.28912743e-05
2.35809131e-05
1.55016669e-05
3.22062041e-05
2.51347185e-05
5.34750878e-05
1.16959729e-04
3.49916616e-04
1.14412881e-04
1.12041954e-04
1.22073199e-04
8.56038656e-05
9.39695852e-05
9.19794894e-05
1.80314165e-05
8.81960688e-06
6.89991301e-06
1.04517910e-05
2.90702826e-05
5.50246192e-05
3.48527632e-05
1.01924748e-04
6.87453987e-05
4.09004380e-05
5.88594573e-05
1.07492277e-04
2.35957186e-04
1.18430237e-04
3.76123298e-05
2.99520362e-05
1.27278306e-04
6.30577631e-05
4.56504266e-05
1.48143089e-05
4.94255825e-05
5.56764141e-05
2.01984769e-04
2.81391539e-04
2.48242949e-04
3.25950386e-04
2.58121344e-04
3.22712720e-04
1.21812860e-04
8.51864289e-05
3.64125663e-05
4.08683486e-05
1.61533572e-05
2.34292516e-05
3.17867849e-05
6.96066509e-05
7.03585061e-05
1.23941162e-04
7.35367526e-05
6.21224572e-05
5.50423541e-05
3.55178481e-05
3.93826419e-05
3.96693478e-05
2.79587744e-05
5.89116300e-05
2.88205572e-05
1.39150452e-05
1.11294812e-05
1.99822836e-05
1.26315219e-05
2.00835234e-05
1.12910370e-05
7.38074491e-06
5.30951958e-06
1.92063438e-05
3.43292197e-05
4.35237312e-05
6.26125174e-05
1.12949278e-05
8.71873125e-06
1.13864390e-05
1.94174379e-05
5.19348978e-05
3.99890504e-05
5.69656957e-05
8.09252942e-05
6.63742633e-05
9.15688893e-05
4.46735624e-05
5.66501528e-05
2.32854322e-04
8.31723464e-05
1.00617819e-04
1.08135576e-04
6.75255025e-05
4.92768663e-05
4.55658772e-05
1.62222996e-04
1.10516882e-04
1.72433082e-05
4.54932505e-05
1.19149328e-04
8.12667640e-05
7.32136271e-05
5.18146922e-05
6.39496226e-05
1.55740090e-05
1.67468127e-05
2.22107242e-05
1.56560461e-05
5.46992061e-05
2.10750224e-04
1.34906173e-04
6.01090137e-05
5.69780278e-05
7.88190395e-05
7.70633120e-05
7.29436314e-05
3.16362909e-05
2.43682913e-05
1.70232987e-05
3.91725476e-05
1.62871856e-05
1.60078450e-05
1.48078818e-05
1.99525634e-05
3.40418139e-05
1.44392831e-04
2.96569647e-04
6.15688877e-05
4.77122863e-05
6.17085941e-05
2.33773881e-05
1.31737253e-05
3.40403691e-05
1.31380842e-05
3.40405773e-05
2.04493498e-05
1.38201169e-05
1.60479149e-05
3.71263787e-05
1.98831598e-05
2.54354377e-05
2.47840320e-05
1.24314754e-05
5.04388645e-05
7.17326343e-05
1.03168588e-04
6.12314455e-05
4.11736212e-05
3.44317934e-05
7.00295518e-05
2.58219077e-04
9.61744610e-05
4.28928594e-05
6.78563659e-05
1.63227369e-04
3.25838096e-04
3.74372676e-04
4.08655806e-04
2.20229902e-04
3.86649776e-04
1.96956169e-04
9.44726743e-05
4.43196676e-05
4.59088697e-05
4.56001226e-05
4.73675278e-05
3.13713573e-04
4.57714623e-04
3.26248588e-04
1.13686762e-04
4.32742674e-05
4.99651461e-05
1.19486122e-04
1.37069346e-04
2.56470628e-04
4.35407141e-05
8.08028755e-05
1.34492876e-05
1.13516516e-05
1.04639301e-05
9.20307497e-06
1.13241746e-05
6.86651475e-06
9.80800703e-06
1.55966200e-05
1.30851717e-05
2.30901119e-05
1.58182179e-05
2.14187742e-05
1.44881419e-05
2.44848638e-05
3.41525606e-05
8.09885010e-05
2.32445199e-04
6.17732423e-05
3.02837848e-05
1.42658033e-05
1.10022224e-05
3.36265375e-05
2.00157464e-04
2.26490777e-04
1.12033910e-04
2.59702796e-04
1.31611971e-04
3.06216246e-04
2.55880169e-05
8.82971811e-05
1.43289971e-04
1.33617910e-04
6.57637943e-05
6.43876432e-05
2.45560415e-05
7.13242464e-05
5.63473992e-05
5.92464683e-05
5.21604723e-05
4.28011441e-05
2.84459711e-05
2.88288521e-05
4.39857008e-05
3.08562224e-05
2.02386601e-05
3.88841451e-06
5.60673126e-06
1.02578940e-05
1.27098666e-05
1.10480783e-05
3.89493170e-05
1.17443945e-04
1.02057515e-04
5.39461791e-05
7.69518033e-05
5.26968206e-05
4.40157579e-05
1.86404747e-05
5.18428820e-05
9.08085183e-05
1.93852525e-04
7.11611417e-05
3.04739569e-05
6.78936051e-05
1.81699306e-05
2.04903701e-05
4.60087126e-05
6.20127720e-05
3.88099188e-05
6.54091396e-05
1.05857443e-04
8.33020154e-05
9.37069053e-05
4.27288070e-05
4.03421205e-05
3.04636513e-05
3.04691705e-05
8.18063861e-06
2.41511235e-05
1.25307288e-05
3.49991945e-05
8.99387883e-05
2.45316162e-05
6.07547061e-05
1.25616772e-04
6.98591746e-05
6.38539532e-05
6.24011317e-05
3.65460387e-05
5.65287905e-05
1.10428869e-04
3.79425606e-05
2.03545554e-05
2.32554395e-05
5.81140792e-06
1.39075710e-05
1.38430183e-05
2.44786068e-05
2.66846380e-05
4.53635671e-05
3.28964526e-05
5.88101812e-05
5.76063315e-05
3.99672397e-05
3.06306630e-05
2.36647671e-05
7.94611219e-06
2.47709882e-05
3.07614068e-05
2.86551161e-05
3.28592466e-05
4.98495023e-05
9.77330277e-05
9.75603965e-05
7.93735272e-05
1.23282902e-04
1.71245724e-05
8.14002193e-05
3.27128934e-05
4.03314111e-05
6.10694125e-05
2.87566285e-05
1.70429383e-05
2.68469024e-05
2.10691026e-04
2.69939494e-04
3.01782126e-04
5.38065447e-04
1.84364993e-04
3.66831375e-04
1.19597969e-03
4.49053561e-03
9.30306372e-04
9.60719083e-05
3.09524896e-05
3.06624260e-05
3.20111358e-05
6.67720897e-05
3.98673831e-05
5.51147069e-05
3.64497069e-05
1.60939803e-05
5.46440939e-05
2.30783883e-05
3.43319874e-05
3.04082258e-05
4.17213079e-05
2.40227144e-05
2.21005055e-05
9.01797091e-05
9.21989852e-05
1.09745361e-04
3.52741312e-05
2.30368250e-05
1.61985137e-04
2.67208657e-04
1.34884359e-04
6.98557391e-05
4.89119997e-05
5.10979104e-05
2.29799360e-05
4.74413430e-05
2.28886683e-05
3.00347536e-05
1.22843556e-04
3.41691737e-05
7.24517967e-05
1.01597994e-04
1.49151951e-04
8.88486166e-05
4.52696715e-05
2.47439979e-05
4.12688476e-05
7.16029449e-05
8.51446871e-05
3.95237638e-05
3.60361234e-05
1.15976397e-04
1.03810825e-04
4.60737144e-05
1.06229448e-04
1.28400393e-04
4.27412603e-05
9.14512521e-05
6.30607519e-05
7.98978233e-05
2.18948135e-04
9.04503813e-04
1.57880346e-04
3.77280244e-05
3.93481243e-05
6.34739842e-05
9.88926812e-05
8.62214826e-05
6.57909805e-05
1.80103952e-04
1.07913613e-04
5.90825571e-05
1.15614793e-04
4.11241739e-05
4.38538254e-05
1.23050375e-04
4.56820853e-05
4.39300843e-05
4.75120581e-05
9.59131509e-05
1.82981863e-04
9.86950044e-05
2.10170390e-04
2.31470288e-04
1.12852205e-04
5.20243938e-05
5.07021281e-05
4.86287625e-05
3.76613737e-05
5.88453254e-05
3.40921662e-05
9.79764590e-05
9.81950813e-05
1.92258242e-04
2.61202809e-04
1.27906199e-04
8.33814321e-05
6.99697217e-05
6.79601483e-05
5.15899814e-05
9.92695770e-05
7.89176578e-05
1.12770388e-04
3.00981832e-04
8.26788893e-05
2.85673278e-05
1.38540049e-05
1.40743165e-05
1.30653741e-05
1.12015435e-05
1.46552601e-05
1.15685198e-05
1.31262606e-04
8.64771035e-05
3.53975637e-05
5.38379644e-05
1.87982082e-05
2.23910436e-05
3.11679475e-05
2.62209437e-05
4.11174988e-05
3.90906067e-05
3.20653208e-05
6.25104962e-05
1.03560288e-04
3.05392066e-05
6.99923422e-05
6.70277899e-05
2.87823148e-05
5.32878898e-05
9.63651785e-05
9.59995585e-05
8.28068924e-05
1.58354969e-04
4.26502131e-04
1.31086452e-04
7.12139926e-05
6.07547973e-05
2.03443580e-05
2.59604610e-05
2.13935587e-05
3.57922804e-05
1.66373986e-05
1.44542416e-05
1.16855817e-05
1.87540955e-05
6.26753125e-05
8.15647074e-05
1.11012016e-05
2.04431659e-05
2.95265581e-05
9.30160691e-05
7.75223953e-05
5.65024098e-05
6.90889146e-05
1.62903402e-04
9.16220086e-05
7.50329301e-05
4.76182121e-05
1.63855276e-05
3.72206254e-05
3.38122379e-05
7.64949324e-05
6.87163305e-05
2.03504855e-04
5.08702692e-05
4.17692231e-05
7.50327962e-05
4.85794507e-05
1.92956256e-05
1.16697515e-05
1.07513959e-05
2.59124443e-05
4.19178758e-05
5.15728011e-05
8.72493350e-05
6.39251667e-05
8.02768071e-05
1.34663674e-04
