2.14388889e-05
1.55191713e-05
7.04116164e-06
1.03157528e-05
1.08702473e-05
1.35759912e-05
1.52060938e-05
5.55819285e-05
3.96441582e-05
9.66233720e-05
1.52420277e-04
7.81183064e-05
1.20132129e-04
3.69892328e-04
1.70615347e-04
3.96542535e-04
6.56249088e-05
4.37197891e-05
2.47486199e-05
1.16292797e-05
1.97136021e-05
5.80546403e-05
3.26316752e-05
3.39209856e-05
3.14173870e-05
2.25754597e-05
2.65736518e-05
1.91012607e-05
1.23037864e-05
3.19939088e-05
2.74112808e-05
5.62877642e-05
3.43260727e-05
1.78149911e-05
2.43383460e-05
2.46338366e-05
8.19100119e-05
5.79718667e-05
2.38087721e-05
5.56621311e-05
1.82097197e-05
1.32327791e-05
8.90488795e-06
1.43859507e-05
3.75705503e-05
1.58224459e-05
3.75676633e-05
6.99683901e-05
3.21519724e-05
4.94562662e-05
8.62886113e-05
4.04813666e-05
9.94353354e-05
2.47498338e-05
8.20503467e-06
3.43128833e-05
3.03019641e-05
3.92398598e-05
2.81062763e-05
1.40903756e-04
1.27672478e-04
1.68127608e-04
4.13131810e-05
2.47638893e-05
7.79256273e-05
4.53910360e-05
3.72511674e-05
5.33472123e-05
2.78033547e-05
1.51448361e-05
3.45456996e-05
3.80319024e-05
4.82960668e-05
1.42402572e-05
1.37183479e-04
3.48849104e-04
1.10252744e-04
1.93798631e-04
4.03033159e-04
1.92152911e-04
1.26714405e-04
5.37217068e-05
2.33206329e-05
1.92856852e-04
5.34434816e-04
2.51685234e-04
1.27238005e-04
5.06542038e-05
2.43569629e-05
1.01514094e-05
2.96155133e-05
3.56289330e-05
1.83245639e-05
3.31679059e-05
8.51236795e-05
1.31239778e-04
1.49718281e-04
6.11769852e-05
4.95266257e-05
8.62412410e-05
1.40315249e-04
1.83856415e-04
1.27965355e-04
8.09828715e-05
8.70146021e-05
3.53404104e-05
1.89326501e-05
3.54591105e-05
1.37959677e-04
1.32992134e-04
3.28485870e-05
1.39299111e-05
1.38929880e-05
3.63211983e-05
1.57163635e-05
9.74330825e-05
1.98877600e-04
6.26345392e-05
2.75871080e-05
5.31780976e-05
2.34708164e-05
2.68056614e-05
1.96680168e-05
1.90799949e-05
6.91885069e-05
5.31932346e-05
2.68453063e-05
7.07983652e-06
8.74429958e-06
3.41266940e-05
2.37506608e-05
1.33274405e-04
1.65982355e-04
2.70965327e-05
1.52925454e-05
3.94556405e-05
5.04606500e-05
4.09548655e-06
1.60616132e-05
3.66474593e-05
6.01842399e-05
4.52701866e-05
1.99869745e-04
4.65609025e-05
5.13379868e-05
3.57393060e-05
4.63835686e-05
8.64549784e-05
1.46241336e-04
5.54870276e-04
4.04645017e-04
4.72119928e-04
2.81888973e-04
1.67161000e-04
1.00553791e-04
1.10133120e-04
5.70561305e-05
1.84956973e-04
1.35831880e-04
2.75295533e-04
1.36807011e-04
5.18686741e-04
4.96998608e-04
1.16262543e-04
9.05141997e-05
1.29198934e-04
3.97345749e-05
2.77695077e-05
5.69143469e-05
1.26385990e-05
1.80834464e-05
3.24100785e-05
1.62636467e-05
2.19123441e-05
7.99297596e-05
2.86196433e-05
3.00567169e-05
4.36000684e-05
2.26779688e-05
5.79203870e-05
3.58928437e-05
3.70891103e-05
7.52813227e-05
5.00988229e-05
1.08134093e-04
3.26905216e-05
2.36127460e-05
2.60968742e-05
3.37891169e-05
2.41812328e-05
3.27832277e-05
4.86274712e-05
6.31740880e-05
5.32303735e-05
7.40460990e-05
2.15069890e-04
1.33168280e-04
7.72258257e-05
6.28155328e-05
3.71300078e-05
2.25005603e-05
4.00025237e-05
4.02767106e-05
2.64275157e-05
6.94859862e-05
5.88789619e-05
3.08219148e-05
1.03467629e-05
4.00261552e-06
1.00367977e-05
4.49354601e-06
6.36837078e-06
9.45428558e-06
1.84964226e-05
3.88146403e-05
1.70758127e-05
1.03078689e-05
1.18512769e-05
3.36750427e-05
1.91498652e-05
1.27679792e-05
3.34694759e-05
4.70121872e-05
2.80405150e-05
3.49317281e-05
6.33357707e-05
2.09665929e-05
2.21447555e-05
2.85662641e-05
7.84268990e-05
5.57350928e-05
1.13880291e-04
5.05717969e-05
8.27307442e-05
4.44273727e-05
2.05642776e-05
3.03937383e-05
4.46531895e-05
6.50740721e-05
7.89568002e-05
7.23964838e-05
1.44305273e-04
1.39751033e-04
3.47053394e-05
7.75332158e-05
8.94655971e-05
4.44540943e-05
1.27988414e-05
3.76209851e-06
4.51100098e-06
2.91173398e-06
7.88080178e-06
1.68142172e-05
3.66413979e-05
3.66470438e-05
7.86014919e-05
6.31439467e-05
1.73484903e-04
1.03449635e-04
9.05235981e-05
5.26181840e-05
8.71976837e-05
1.81826778e-05
5.76177059e-05
6.31774039e-05
3.20055355e-04
1.86324559e-04
5.75943539e-05
5.85330576e-05
3.43716317e-05
3.16133054e-05
2.60236767e-05
2.01627830e-05
1.41636287e-05
1.42658100e-05
1.88674055e-05
3.92800218e-05
2.20454344e-05
5.91923955e-05
8.28155299e-05
7.42053949e-05
1.92245155e-05
2.57983380e-05
1.61479937e-05
1.66175613e-05
1.53201493e-05
7.98977953e-05
6.07184154e-05
2.02536519e-05
2.55923709e-05
1.89223490e-05
4.09180303e-05
1.10062561e-05
2.04728762e-05
1.74458581e-05
1.55328392e-05
2.79043945e-05
1.07858104e-05
3.15175447e-05
4.53685937e-05
6.26587936e-05
6.92434112e-05
7.18184165e-05
4.46203516e-05
7.47545548e-05
1.31292559e-04
2.41321922e-04
6.89059945e-05
5.23224536e-05
2.51683874e-05
2.82411471e-05
1.84277917e-05
1.21259694e-05
8.18956207e-06
1.39424272e-05
3.42430132e-04
8.31277267e-04
5.86832162e-04
2.24302806e-04
2.03290960e-04
7.03601370e-05
6.49099226e-05
9.13260616e-05
4.32947291e-05
1.32184383e-04
4.54880469e-05
9.94215747e-05
5.44053595e-05
3.79087148e-05
3.74527207e-05
7.13863913e-05
7.07961571e-05
6.79350179e-05
3.51888158e-05
3.62802043e-05
1.42031126e-05
1.40200605e-05
9.14712668e-06
1.98518862e-05
2.79319001e-05
1.05634739e-04
6.50413683e-05
2.63231102e-05
2.14631578e-05
1.38273870e-05
2.12038829e-05
2.82867293e-05
2.29009283e-05
2.63895579e-05
1.10527910e-04
1.09377426e-04
4.89569503e-05
8.77927712e-05
5.26603592e-05
1.80238018e-05
8.65683724e-06
7.21632406e-06
1.44091718e-05
6.12173195e-06
1.32764385e-05
1.53673342e-05
2.94679209e-05
2.94317312e-05
1.84090715e-04
3.15927219e-04
5.77363809e-04
2.51294703e-04
3.62919844e-04
2.51195203e-04
1.14984074e-04
3.72928092e-05
3.50839590e-05
2.86462583e-05
7.40306533e-05
1.31065814e-04
5.80643471e-05
5.11085005e-05
8.42981346e-05
5.10090510e-05
4.30699702e-05
1.76880890e-05
6.42829521e-05
6.50907428e-05
6.83503686e-05
2.52380529e-04
9.89916961e-05
2.51743652e-04
9.29099314e-05
4.30066555e-05
4.10054547e-05
2.66209055e-05
1.88372315e-05
1.17153521e-05
1.10381394e-05
3.01189615e-05
2.46106318e-05
2.12023604e-05
1.14304018e-05
2.12002498e-05
6.98081939e-06
8.46135425e-06
8.59457235e-06
6.73152277e-06
1.70842637e-05
2.99498219e-05
2.07536934e-05
5.95985252e-05
6.58117817e-05
1.09467686e-04
7.34384655e-05
1.52022836e-04
1.33266963e-04
1.13156344e-04
2.49748372e-05
4.03533388e-05
4.25667022e-05
1.73032736e-04
1.91883961e-04
1.06578053e-04
1.39948323e-04
9.67280494e-05
1.37447863e-04
4.92935753e-05
5.78969399e-05
6.25239333e-05
4.03726000e-05
2.69011660e-05
8.22723162e-05
4.18785206e-05
6.00367819e-05
4.07927396e-05
3.00219347e-05
9.95827027e-06
2.17652171e-05
2.02099992e-05
2.93402404e-05
2.29783379e-05
6.20384005e-05
5.42491483e-05
7.08542808e-05
3.94494267e-05
7.81321066e-05
6.42565524e-05
1.63218695e-04
1.19987675e-04
1.49321392e-04
8.53369941e-05
9.61413234e-05
4.79570284e-05
1.10242352e-04
2.59994371e-05
2.16375104e-05
4.09404107e-05
1.31848649e-05
9.88483034e-06
1.74457552e-05
1.54628695e-05
5.09682216e-05
6.30242341e-05
1.14397160e-04
1.02840642e-04
5.50683749e-05
1.93979146e-04
9.00816571e-05
4.91971356e-05
2.95228737e-05
2.10616547e-05
3.32661095e-05
6.44495677e-05
9.54237053e-05
1.61286513e-04
1.83212377e-04
6.66345443e-05
1.40384698e-04
3.58036870e-04
1.76961722e-04
5.06976832e-05
4.17451184e-05
1.03203910e-04
1.16393093e-04
2.34597085e-04
1.04475034e-04
8.60365561e-05
1.51151198e-04
4.27375200e-05
3.69416825e-05
5.25755534e-05
7.53365361e-05
3.11871936e-04
3.09199305e-04
2.28138875e-04
1.58547617e-04
1.20104197e-04
1.22402717e-04
8.20336425e-05
2.66004766e-05
3.38689069e-05
9.66637438e-06
1.96531353e-06
3.94645995e-06
1.37361291e-05
2.91861181e-05
8.77366956e-05
4.33818016e-05
4.84209529e-05
8.22971773e-05
9.67481381e-05
9.14904152e-05
8.30736647e-05
9.39080551e-05
2.32345198e-04
1.52592510e-04
1.98222956e-04
4.55786241e-04
1.81990319e-04
6.81970136e-05
4.21359625e-05
4.44850155e-05
2.56089738e-04
5.71284909e-04
6.27349901e-04
2.47388220e-04
7.05181958e-05
3.22100069e-05
8.30312863e-05
1.01750467e-04
6.90436805e-05
6.26536441e-05
8.94494330e-05
1.04523101e-04
1.97588502e-04
1.32469240e-04
1.77279485e-04
6.84816394e-04
1.51777887e-04
1.54805841e-04
9.09984216e-05
8.71196978e-05
1.70821448e-04
2.02764179e-04
2.57725433e-04
1.37927759e-04
4.54052067e-05
4.32581262e-05
9.24589557e-05
4.22836191e-04
1.87947857e-04
1.49784896e-04
1.08526391e-04
1.17006430e-04
7.77695794e-05
5.08700240e-05
2.42022430e-05
8.72171053e-05
8.21278864e-05
4.01589697e-05
1.79242510e-05
1.47055062e-05
1.27800282e-05
2.49881461e-05
3.41196828e-05
3.37740551e-05
4.68439721e-05
1.04380942e-04
9.17249362e-05
2.72713716e-05
3.01836568e-05
2.98670207e-05
4.85270684e-05
2.35861187e-05
2.00791610e-05
1.64778759e-05
1.50445377e-05
2.51437457e-05
2.41000153e-05
2.53931405e-05
4.15011514e-05
4.81244158e-05
1.25277768e-04
1.18694125e-04
6.80840242e-05
5.16379644e-05
9.44965978e-05
3.89311320e-05
2.21056023e-05
3.91640938e-05
5.75917780e-05
5.38730303e-05
5.01429365e-05
3.74835410e-05
3.83698259e-05
1.45159092e-04
5.56004704e-04
3.90611376e-04
4.07242496e-04
1.61812703e-04
1.57626240e-04
2.07277726e-04
1.36574516e-04
4.09027319e-05
4.79545083e-05
4.86218549e-05
5.06221714e-05
4.86492307e-05
4.00683121e-05
6.16293090e-05
1.53153100e-04
3.59749775e-04
1.94341702e-04
1.34183785e-04
1.26079655e-04
4.28856203e-05
5.18693019e-05
1.49815781e-04
1.32887841e-04
7.03027645e-05
8.28633724e-05
1.93526966e-04
7.21276078e-04
2.00194126e-04
2.75452884e-04
1.61421426e-04
1.11482772e-04
1.50565015e-04
1.14328520e-04
5.18841614e-05
3.31021965e-05
1.56144588e-05
9.29247961e-06
2.27589850e-05
3.74065081e-05
2.72575420e-05
2.97751484e-05
9.36467753e-05
8.37090616e-05
7.68266698e-05
1.30354262e-05
7.59640734e-06
3.63066827e-05
1.82529112e-05
1.62255236e-05
1.97107651e-05
8.57498855e-05
8.00270200e-05
4.77139455e-05
1.60838772e-04
1.69849579e-04
1.26753164e-04
1.16958887e-04
2.75471434e-04
1.72484538e-04
1.10614185e-04
4.41380439e-05
3.70754088e-05
2.57887471e-05
1.44487830e-05
4.32342112e-05
2.39467344e-05
8.99401424e-06
1.36959732e-05
1.34999361e-05
8.45358874e-06
2.89069205e-05
1.81705054e-05
1.00278713e-04
1.04587174e-04
7.64562499e-05
7.63805540e-05
3.34727220e-05
5.55782028e-05
1.02420420e-04
6.41646282e-05
3.08028773e-05
2.35582413e-05
3.76231833e-05
1.38877774e-05
1.51792031e-05
1.68452741e-05
8.50804863e-06
1.10321622e-05
1.19108954e-05
3.64999866e-05
5.86282518e-05
7.74843079e-05
5.55196683e-05
3.34036656e-05
1.09712333e-04
2.04402615e-05
1.27694318e-05
2.35973056e-05
3.19005030e-05
1.39847717e-04
3.48174949e-04
5.16872362e-04
3.05377200e-04
1.88512951e-04
5.77922372e-04
2.62148052e-04
1.43917533e-04
3.11410928e-05
2.69759717e-05
1.17314247e-05
3.89634360e-05
2.61876545e-05
1.31392438e-05
2.19508080e-05
1.64510274e-05
1.46644874e-05
7.00860933e-06
1.64766954e-05
1.24170519e-04
2.48188996e-05
8.43432709e-05
1.02650052e-04
6.16913358e-05
9.38276415e-05
3.88573748e-05
2.13359300e-05
2.84206799e-05
7.58198686e-05
3.69818033e-05
3.22628823e-05
2.15885717e-05
6.60651949e-05
5.08714991e-05
1.16887198e-04
1.55568505e-04
9.38004147e-05
7.04622074e-05
6.67473394e-05
9.34876371e-05
2.70746929e-04
1.08834924e-04
6.10350162e-05
1.06695646e-04
7.90897068e-05
6.14360633e-05
6.58780161e-05
2.47527640e-05
1.35779690e-05
9.13652386e-06
2.58514897e-05
1.80847925e-05
1.67085902e-05
4.38398954e-05
5.15882328e-05
4.27357278e-05
4.39370990e-05
3.23044895e-05
5.10533886e-05
2.70986011e-05
1.41822937e-05
3.04002014e-05
4.57031497e-05
6.23968509e-05
2.70095703e-05
2.61164475e-05
2.51709427e-05
3.21080747e-05
5.54615076e-05
8.57424046e-05
1.33836316e-04
8.76771520e-05
6.95611551e-05
2.17769383e-05
3.51494166e-05
1.75775043e-05
1.47025043e-05
9.18362309e-06
1.03269711e-05
1.21551204e-05
1.68374863e-05
8.72759938e-06
2.60671594e-05
1.27552201e-05
2.30842032e-05
1.73732332e-05
1.37338520e-05
7.22019086e-05
1.15077265e-04
1.21861174e-04
2.98708751e-04
4.20727773e-04
6.72452057e-04
1.88102695e-04
1.06069391e-04
1.07695099e-04
1.51935218e-04
1.11341679e-04
1.58480176e-04
1.03717332e-04
3.20477914e-05
9.56953878e-05
6.83501795e-05
1.06020012e-04
1.01787764e-04
1.23147882e-04
1.70804715e-04
1.08260661e-03
7.73966485e-04
4.23437801e-04
4.39720232e-04
3.48747775e-04
3.46528625e-04
3.34099808e-04
1.91052952e-04
4.89840353e-04
8.62620219e-05
1.36495765e-04
6.26608870e-05
5.93163734e-05
4.44397600e-05
5.02929550e-05
1.45788817e-05
9.05418719e-06
1.50981065e-05
6.23396945e-05
5.56052872e-05
5.77303374e-05
3.77321019e-05
8.35302772e-05
1.82133499e-04
1.08548655e-04
6.09338080e-05
9.93904362e-05
3.77225970e-05
7.90115334e-05
5.39461152e-05
3.18752509e-05
1.43166740e-04
5.76613160e-05
2.09071430e-04
8.21099757e-05
9.78229182e-05
6.55572608e-05
1.85364510e-04
4.85484893e-05
4.48234936e-05
6.12683841e-05
2.66336417e-05
8.47352556e-05
9.34972418e-05
1.79544577e-04
1.71700781e-04
1.05076499e-04
4.95151215e-05
4.07140031e-05
3.31360267e-05
5.96228669e-05
3.36996505e-05
6.25271675e-05
5.89155092e-05
3.41906777e-05
3.72295617e-05
2.65775105e-04
2.13800291e-04
1.39831081e-04
8.05494069e-05
2.03877511e-04
2.03397202e-04
2.35540358e-04
1.07688962e-04
2.34716194e-05
1.02190300e-04
1.73274060e-04
4.35946178e-04
4.55061255e-04
1.15357400e-04
5.46889415e-05
1.71219822e-05
1.38450850e-05
1.70185761e-05
2.97094583e-06
1.06730319e-05
2.22911930e-05
3.81755843e-05
1.12171376e-04
3.10647004e-05
6.15606910e-05
6.92049441e-05
5.39986067e-05
1.15504675e-04
1.43490752e-04
8.02795843e-05
2.33564555e-04
1.28968103e-04
1.74347602e-04
1.06178759e-04
1.59731605e-04
1.09642067e-04
3.56995483e-04
5.58074149e-04
1.07745558e-04
1.06002660e-04
7.84478570e-05
1.06918242e-04
5.79114513e-05
5.19556646e-05
7.72790304e-05
2.33065564e-05
1.25952553e-05
8.54032994e-06
2.08428575e-05
1.44641890e-05
2.24162977e-05
2.42798198e-05
7.10877543e-05
6.04199412e-05
3.64176105e-05
2.56774187e-05
1.76667485e-05
1.73968725e-05
4.58507186e-05
1.07078812e-04
6.14392953e-05
2.87699662e-05
9.38067126e-05
1.44189132e-04
5.14292310e-05
7.36773872e-05
1.13094320e-05
7.26506208e-06
8.19642570e-06
9.18896081e-06
5.70749861e-06
1.04067981e-05
2.25764135e-05
1.93548316e-05
2.56176991e-05
1.28269406e-05
4.04304810e-05
2.02599382e-05
8.00798910e-06
9.16101822e-06
4.18086509e-05
1.34812287e-05
2.10746705e-05
1.34630848e-05
1.60194372e-05
4.97510744e-05
2.30053204e-05
7.64803711e-06
5.28831126e-05
1.30654715e-05
3.88580334e-05
3.59141331e-05
7.71878725e-05
1.26365737e-04
2.61849365e-04
1.69793193e-04
1.12179294e-04
1.43154322e-04
1.06606932e-04
1.32616637e-04
1.22258941e-04
1.85187818e-05
2.79574527e-05
2.73558948e-05
9.42593996e-06
1.43940516e-05
1.19708690e-05
4.69824566e-05
4.28807549e-05
1.01080780e-04
2.45768429e-04
1.43504459e-04
1.00454583e-04
1.43323525e-04
4.23254744e-05
2.74679230e-05
3.57674349e-05
1.41724813e-05
2.62970124e-05
6.96139373e-05
9.20282111e-05
2.59733375e-04
1.86057723e-04
1.70813823e-04
7.28843028e-05
2.32850356e-04
2.68892423e-04
2.26818130e-04
2.33980055e-04
1.13323845e-04
4.57932824e-05
2.98288641e-05
4.04696088e-05
2.41623626e-05
4.48887580e-05
8.31331830e-05
1.46349582e-04
1.10530963e-04
3.14451303e-05
6.28298767e-05
2.85846533e-05
6.38402228e-06
1.09732545e-05
7.22299471e-06
1.57114574e-05
3.07869591e-05
2.96631521e-05
4.06504724e-05
5.33287837e-05
5.32015008e-05
2.41466733e-05
3.23296973e-05
2.38216759e-05
1.63876905e-05
4.28571322e-05
3.31550245e-05
2.58832794e-05
2.28603713e-05
2.99872119e-05
8.10567527e-05
9.93440760e-05
1.51395567e-04
8.37701997e-05
2.46930034e-05
3.55484794e-05
9.16025634e-05
4.15465871e-05
4.68849042e-05
7.24902745e-06
1.43581719e-05
1.16443376e-05
3.05580199e-05
3.80985482e-05
2.07847065e-05
8.38238857e-05
5.78763895e-05
5.94217686e-05
1.65439995e-04
2.78003802e-04
1.71503740e-05
1.33901681e-04
4.14485299e-05
3.18562928e-05
5.09756282e-05
5.79134482e-05
9.30630452e-05
1.34353908e-04
1.28792879e-04
1.76543720e-05
1.06325787e-05
2.69463382e-05
1.07136659e-05
5.37529604e-06
1.18527885e-05
5.25387923e-05
1.56237515e-04
1.68420260e-04
3.15683852e-04
5.06774813e-05
1.27234756e-04
1.78546052e-04
4.41722571e-04
1.73779807e-04
8.05639624e-05
1.58453075e-04
1.00078173e-04
7.02847693e-05
1.10842936e-04
3.84759045e-05
1.40614306e-04
4.58160687e-05
4.27797065e-05
1.05141853e-04
6.08548066e-05
2.05430502e-04
2.21370189e-04
1.99136223e-04
2.95067045e-04
3.13588159e-04
1.74439345e-04
6.58950132e-05
3.41592599e-05
1.47257144e-05
1.69742210e-05
2.97445560e-05
1.41153716e-05
1.73912140e-05
2.28662116e-05
5.16452394e-05
4.40823702e-05
4.68661966e-05
9.12530053e-05
2.20262021e-05
3.15520055e-05
4.82193987e-04
8.79870792e-04
1.75026756e-04
1.96223388e-04
5.69353620e-05
2.65482893e-05
1.90793877e-05
3.41280984e-05
2.57101947e-05
1.06748377e-05
1.93472313e-05
5.22861081e-05
3.80871239e-05
3.35588938e-05
1.74299699e-05
3.18644977e-05
1.86673112e-05
1.18102115e-05
2.85113334e-05
2.16788973e-05
3.71228207e-05
9.72818049e-05
3.89249757e-05
8.26613522e-05
1.51160954e-04
7.97818064e-05
5.61577285e-05
3.81550276e-05
2.35040593e-05
3.49505122e-05
1.81309484e-05
3.94849794e-05
2.79429630e-05
3.06385540e-05
2.09394932e-05
6.06245332e-05
6.02776778e-05
1.46755252e-04
3.72983969e-04
2.71064638e-04
3.45787744e-04
4.43730663e-04
5.59428390e-05
3.93361431e-05
3.46743687e-05
4.53219145e-05
4.39607539e-05
5.54388734e-05
4.51812337e-05
3.12051236e-04
1.23664647e-04
1.64181446e-04
1.41467194e-04
7.14830703e-05
1.91698291e-04
7.80382522e-05
2.16029340e-04
3.76957312e-05
6.45298066e-05
7.67250852e-05
1.00984408e-04
5.69531448e-04
4.25897979e-04
1.04308773e-04
3.64174614e-05
6.52358663e-05
4.06331475e-05
2.83001429e-05
1.96697557e-05
1.16970964e-05
1.77005432e-05
2.73029287e-05
2.90447405e-05
8.74454953e-05
2.24039382e-04
2.14742849e-04
1.10512632e-04
7.75835393e-05
1.07368189e-04
1.81537744e-04
1.49929058e-04
1.36213635e-04
5.14017117e-05
1.21298139e-04
1.38783914e-04
1.24490955e-04
8.10685407e-05
5.05064719e-05
5.01683596e-05
1.63062870e-05
6.06644365e-05
1.99943263e-05
2.60431329e-05
2.07219564e-05
5.33369824e-05
8.67925961e-05
1.99420316e-04
1.35213265e-04
1.87389638e-04
2.19047185e-04
1.49072415e-05
1.28468328e-05
5.76476970e-06
3.96893181e-06
3.26771149e-06
6.27482136e-06
5.06714874e-06
6.37453958e-06
2.85249760e-05
2.33533814e-05
5.55841328e-05
1.11501994e-04
3.93647382e-05
2.22574418e-05
2.84130380e-05
4.69263250e-05
1.02064245e-05
1.22439088e-05
1.04701873e-05
2.37842272e-05
2.03567707e-05
2.76311542e-05
2.01898331e-05
1.49104411e-05
7.52937879e-06
1.15806271e-05
3.78535449e-05
4.00655921e-05
7.24984148e-05
1.20624385e-04
8.57223295e-05
1.65420730e-04
3.26782554e-05
4.12702448e-05
4.23221312e-05
2.34290955e-05
4.72083339e-05
3.14045858e-05
3.65302156e-05
1.20058635e-04
7.42862613e-05
3.44363380e-05
1.34077215e-05
1.66219814e-05
6.98118900e-05
2.40729639e-05
3.00787348e-05
3.76745617e-05
6.61068088e-05
3.65761969e-05
2.48751754e-05
3.18797467e-05
5.76900363e-05
2.99217845e-04
7.76500902e-05
1.00975725e-04
6.96103380e-05
2.02935915e-05
1.15922147e-05
2.49585762e-05
3.74127352e-05
6.30384545e-05
4.20643332e-05
2.87931366e-05
1.75668190e-05
1.82885341e-05
1.72256480e-05
4.03066310e-05
4.59534683e-05
3.31522619e-05
1.93752565e-05
1.39759147e-05
1.35701354e-05
3.77071473e-05
5.23144044e-05
1.49730608e-04
5.00954076e-05
6.32325667e-05
6.87193266e-05
3.19057139e-05
2.71732521e-05
6.07239608e-05
5.13377942e-05
4.72314570e-05
6.10872522e-05
1.03101047e-04
2.70657495e-04
7.43582498e-05
2.16524181e-05
1.05198337e-04
7.25420885e-05
1.69964290e-04
2.48783755e-04
6.89762933e-05
6.81655203e-05
1.53410644e-04
9.20699914e-05
1.63059512e-05
1.08028709e-05
1.13671538e-05
4.49696638e-05
4.13299098e-05
1.07641993e-05
8.10140320e-06
3.53804141e-05
2.58652484e-05
6.07317298e-05
2.33663934e-05
6.75126398e-06
8.12382131e-06
7.03210521e-06
1.17145373e-05
9.41236546e-06
3.08168443e-05
3.51889991e-05
2.15888139e-05
7.41229063e-05
1.26425024e-05
2.07236605e-05
2.65017829e-05
4.87638791e-05
1.14017863e-05
2.88175458e-05
3.56954328e-05
8.23389053e-05
1.87025052e-05
3.08587029e-05
5.79797278e-05
8.18309398e-05
3.14776574e-05
8.16273329e-05
1.38247739e-04
1.23615911e-04
2.08608747e-04
6.59746193e-04
1.03267489e-04
3.32957108e-05
1.88202994e-05
1.03195499e-04
1.08194466e-04
1.70002309e-04
7.84719969e-05
1.54498680e-04
1.28772552e-04
3.80486692e-05
2.81075795e-05
2.20494806e-05
6.09613857e-06
1.83480128e-05
8.49563407e-05
1.56925011e-04
1.27526982e-04
1.13610392e-04
1.45483864e-04
7.48893881e-05
1.36335531e-05
2.18966614e-05
1.86915511e-05
2.72569950e-05
4.57689049e-05
3.95631739e-05
3.87391304e-05
4.05871175e-05
2.12877839e-05
1.20315608e-05
8.63690893e-05
7.66277887e-05
7.17768153e-05
2.95543733e-05
3.41380607e-05
2.78641190e-05
6.89643011e-05
4.90919059e-05
9.46641984e-05
7.89607328e-05
5.85758989e-05
1.32524659e-05
4.54981574e-06
8.72381373e-06
9.71517084e-06
1.81426359e-05
7.04084948e-06
1.46779211e-05
1.00510502e-05
4.34444945e-06
4.14179113e-06
7.66822972e-06
3.29754462e-05
5.35644751e-05
9.18967790e-05
1.40943175e-04
6.89278908e-05
1.89356625e-05
1.11592693e-05
1.77782476e-05
2.57368766e-05
4.73970666e-05
6.74035271e-05
3.32587738e-05
1.29715748e-04
4.16151946e-05
3.96426980e-05
6.23414638e-06
3.85322644e-05
1.57679875e-04
1.12398903e-04
7.24389354e-05
1.18847650e-04
8.24284549e-05
4.26976087e-05
5.49158312e-05
1.78168571e-05
1.52402745e-05
3.85139426e-05
3.11445922e-05
3.49019270e-05
2.97251617e-05
8.68221972e-05
4.67519050e-05
1.32860936e-04
1.42426936e-04
7.44128435e-05
2.00270703e-05
1.21650412e-05
2.61165667e-05
3.74287405e-05
1.76381308e-05
2.31522414e-05
1.69987545e-05
1.64572680e-05
6.42466612e-06
5.86178810e-06
8.49694887e-06
1.34180696e-05
2.69690542e-05
8.18565780e-06
2.30123100e-05
3.90274107e-05
6.58079053e-05
1.49585354e-04
7.93986008e-05
8.59681435e-05
3.32830015e-05
2.29458781e-05
3.41247599e-05
3.64528235e-05
1.42475294e-05
2.53600834e-05
9.21397563e-05
1.17617370e-04
4.13743011e-04
1.84710184e-04
2.74066506e-04
1.30245321e-04
7.99752848e-05
6.53494092e-05
7.26320805e-05
1.48260108e-04
8.05529038e-05
5.59994066e-05
1.44756304e-05
2.20143792e-05
2.19474582e-05
8.32319519e-06
1.28310953e-05
2.81397058e-05
5.16539667e-05
5.26556018e-05
7.21388351e-05
6.70622414e-05
4.36931409e-05
1.61958535e-05
4.45709918e-05
2.97382480e-05
2.40541357e-05
5.15656670e-05
4.69209104e-05
8.23586835e-05
6.94213621e-05
1.03211284e-04
9.04867034e-05
4.76338667e-05
3.24300734e-05
2.48101373e-05
5.73050162e-05
8.36729216e-05
1.81130389e-04
1.25549752e-04
1.02557118e-04
7.95310700e-05
3.34947044e-05
5.51993649e-05
1.10558597e-04
2.66053230e-04
1.09422486e-04
1.91667763e-04
1.27578323e-04
5.56667889e-05
7.28125760e-05
1.55609471e-05
2.64733658e-05
1.20024507e-04
1.97324663e-04
7.21566034e-04
1.25636194e-04
1.82091698e-04
1.40933270e-04
2.62824043e-04
2.23349556e-04
8.53862345e-05
3.67171797e-05
1.11809877e-04
