9.18440006e-05
1.96981605e-04
5.60795743e-05
2.51408910e-04
1.44233086e-04
9.43730795e-05
1.35271423e-04
6.15997519e-05
7.29041257e-05
6.94419653e-05
7.07286125e-05
6.58623532e-05
5.61522020e-05
5.10148725e-05
7.22958803e-05
1.88761841e-04
1.46020817e-04
8.94320364e-05
2.22068448e-05
2.46905248e-05
3.30829923e-05
3.48621278e-05
4.06144226e-05
3.07174789e-05
2.42739371e-05
3.09413145e-05
2.64433966e-05
2.22115469e-05
3.72587976e-05
7.31906312e-05
1.05904486e-04
1.14787505e-04
6.39722788e-05
1.36762939e-05
1.14640497e-05
5.24815713e-06
6.24343898e-06
2.09917106e-05
4.65187182e-05
1.46708599e-04
1.00777208e-04
1.92512454e-04
7.31618301e-05
6.86261261e-05
2.10731409e-05
1.17483766e-05
1.82504272e-05
1.07108032e-05
1.77402588e-05
6.01734088e-05
5.19777409e-05
3.32995533e-05
4.65034110e-05
1.61469778e-04
2.66272677e-04
1.70069325e-04
5.89473798e-05
1.78453353e-04
9.80642950e-05
1.25274524e-05
1.40039804e-05
1.34302651e-05
1.88591219e-05
1.06864203e-05
3.16650104e-05
3.21496724e-05
2.73755158e-05
2.82534970e-05
2.49217958e-05
1.41531968e-05
1.96440362e-05
2.49889604e-05
7.83521247e-05
5.35297323e-05
4.36265531e-05
5.46808282e-05
5.59896729e-05
4.52781718e-05
3.21508656e-05
4.88318234e-05
1.67350353e-05
4.34699786e-05
3.14524339e-04
1.76836685e-04
1.54975608e-04
1.04052426e-04
1.41233660e-04
2.72629995e-04
9.50089777e-05
4.31149521e-05
2.47677849e-05
6.22914370e-05
1.66732038e-05
3.51696885e-05
7.88012068e-05
3.69437953e-05
3.94421004e-05
1.19186952e-04
2.10412313e-04
1.52693563e-04
5.84260071e-05
4.66915147e-05
1.10637011e-04
2.45073597e-05
1.76194393e-05
2.21873877e-05
3.37890346e-05
4.92280683e-05
1.72198264e-04
1.08223186e-04
1.10006549e-04
2.74223292e-04
2.17319034e-04
7.46587860e-05
6.98813768e-05
1.47598000e-04
5.19217723e-05
2.24674250e-05
4.73318676e-05
3.39453869e-05
3.04703041e-05
5.23558839e-05
1.92463165e-05
5.57689520e-05
7.17638843e-05
2.04078858e-05
4.96383275e-05
1.77725795e-05
2.43203642e-05
1.09281391e-04
6.82339177e-05
5.87290051e-05
3.26573130e-05
1.47112680e-05
2.12852337e-05
1.51995404e-05
1.47854245e-05
1.09825367e-05
1.12025457e-04
4.07002654e-05
1.30645600e-04
3.45456969e-05
4.15410842e-05
1.16365029e-05
2.31742051e-05
6.19054012e-05
5.16812458e-05
2.09538917e-04
3.71601678e-05
2.95107154e-04
2.07544567e-04
2.23655372e-04
3.15533852e-04
1.96477335e-04
2.11471343e-04
9.47868778e-05
2.32548157e-04
8.08268314e-04
5.72720675e-04
4.06429497e-04
4.35214993e-04
2.43951204e-04
3.26370778e-04
1.30469358e-04
1.45922417e-04
2.25109122e-04
3.00136968e-04
2.33518468e-04
5.36814580e-05
5.96757142e-05
2.61951975e-04
2.66792232e-04
2.05712039e-04
1.83138559e-04
3.41782301e-04
1.85602758e-04
1.87673299e-04
2.61387859e-05
5.40107209e-05
7.30671091e-06
2.23848779e-05
3.38353037e-05
1.08093668e-04
1.82521486e-04
2.65444462e-04
2.19910054e-04
4.55718981e-04
2.20868218e-04
1.74867307e-04
1.72540772e-04
6.60629363e-05
3.11284347e-05
2.86744596e-05
3.72211135e-05
3.87533242e-05
4.88931770e-05
3.63155987e-05
9.44262118e-05
6.08394181e-05
6.09685642e-05
2.79664873e-05
7.74921784e-05
3.61086076e-05
1.18545721e-05
1.06866206e-05
1.12323695e-05
2.53414616e-05
2.24297312e-05
1.18308338e-05
1.50677129e-05
1.67616982e-05
7.02474571e-05
3.21422182e-05
5.65636174e-05
9.08908011e-05
1.11892671e-04
2.08343807e-04
1.27146753e-04
2.78932564e-05
7.60032706e-05
9.79885297e-05
7.02679831e-05
8.62002131e-05
5.24867142e-05
4.07823622e-05
3.69691881e-05
1.65678068e-05
1.57074706e-05
1.06468910e-05
1.57720033e-05
3.10605655e-05
1.42199934e-04
3.89507130e-05
6.86069859e-05
6.62703588e-05
8.16165473e-05
3.73305043e-04
1.78510478e-04
1.33936973e-04
1.01003490e-04
5.43347679e-05
8.57444165e-05
8.94966038e-05
3.94790235e-05
2.17703198e-05
2.91438419e-05
1.04322536e-05
1.34706382e-05
2.92765027e-05
1.56843351e-05
1.43635806e-05
2.10638701e-05
2.52736513e-05
7.59759723e-05
2.91028323e-05
3.40400537e-05
5.16817760e-05
1.97866124e-05
7.29932573e-05
1.24469481e-04
1.46028872e-04
1.57532708e-04
2.52982330e-04
1.53125248e-04
4.62130240e-05
5.64631125e-05
6.37663770e-05
8.71961692e-06
3.03794641e-05
3.34539774e-05
3.60826284e-05
1.69855387e-05
1.72180851e-05
2.90687769e-05
8.37177472e-05
4.42009454e-05
6.02816289e-05
2.71723247e-05
2.99012497e-05
1.47794186e-05
7.12994071e-06
2.05830735e-05
2.19202160e-05
2.17799179e-05
7.14920742e-05
3.77758528e-05
5.77648405e-05
2.20256806e-04
1.26539927e-03
2.43370051e-04
2.04142615e-04
8.40369673e-05
3.07543239e-05
5.54677247e-05
5.82880167e-05
5.87527171e-05
8.70388153e-05
5.56152387e-05
2.98352601e-05
1.06298711e-05
2.48561102e-05
2.69114280e-05
1.13603996e-05
4.93616859e-06
1.06811385e-05
1.43339201e-05
2.67291906e-05
5.61912029e-05
2.62157208e-05
4.72697588e-05
2.08767068e-04
4.64509117e-05
4.53115039e-05
1.34780211e-04
9.44577815e-05
1.57540359e-04
8.32507777e-05
3.29222697e-05
9.18755010e-05
2.48553838e-05
2.80170932e-05
8.29572183e-05
7.45553356e-05
1.41327654e-04
1.01841405e-04
4.20435349e-05
6.24159518e-05
4.05469540e-05
8.43043972e-05
1.44640312e-04
4.27418234e-04
2.96105060e-04
1.96789714e-04
2.55037840e-04
1.24358762e-04
3.30708306e-05
3.63422516e-06
2.99503539e-06
4.33978384e-06
3.34276855e-06
9.74191622e-06
1.79045016e-05
3.38378776e-05
6.20393799e-05
5.98717635e-05
2.33292309e-05
2.49600394e-05
1.76839660e-04
2.40135674e-04
4.30476684e-04
3.31880627e-04
1.09298250e-04
3.30763611e-05
2.58899131e-05
1.22176213e-05
1.46467592e-05
1.05093368e-05
2.47103740e-05
1.22439715e-05
3.84265267e-05
4.19809154e-05
5.25906048e-05
1.20496168e-04
1.68421768e-04
5.03227499e-05
6.86534917e-05
4.66914696e-05
1.31529579e-04
3.12125786e-04
2.08969346e-04
1.06755090e-04
4.35538380e-05
1.04497830e-04
1.22656444e-04
1.97934261e-04
2.01333130e-04
3.55235187e-05
2.45228420e-05
3.66812646e-05
1.24478268e-05
5.46712713e-06
1.72363580e-05
3.10283130e-05
3.77400190e-05
1.25408658e-04
4.77130458e-05
4.15347407e-05
9.06945505e-05
4.09043638e-05
5.49691087e-05
1.54831470e-04
1.66981744e-04
1.84199537e-04
1.52635309e-04
3.76373258e-04
1.12941584e-03
5.71844506e-04
9.28131550e-04
2.72872760e-04
1.09423128e-04
1.18157638e-04
4.03992214e-05
3.61373540e-05
3.37791530e-05
1.81658019e-05
2.52005676e-05
4.17755628e-05
2.44331775e-05
1.78459419e-05
1.62822730e-05
4.94681929e-05
2.96874503e-04
2.12097939e-04
1.00092622e-04
6.36388292e-05
8.44313066e-05
1.96158911e-05
5.05830447e-05
6.29419835e-05
1.76998706e-05
1.44861801e-04
3.68217123e-05
4.43515962e-05
1.81145533e-05
4.32508291e-05
9.23212873e-05
4.42268550e-05
2.71730730e-05
1.26514657e-04
1.05676482e-04
5.60260012e-05
1.09769935e-04
7.63925542e-05
9.35109527e-05
2.62354135e-04
2.16056645e-04
4.38181853e-04
2.23334980e-04
1.60362607e-04
1.01290093e-04
5.26358231e-05
6.95135489e-05
3.02024251e-05
1.57833036e-05
1.86143968e-05
6.28680191e-06
2.64171263e-05
3.34308131e-05
1.87585143e-05
4.23342419e-05
3.80540700e-05
3.83882581e-05
1.19221259e-04
2.12374303e-04
2.81405198e-05
4.44260001e-05
5.04071810e-05
6.37542790e-05
1.40469371e-05
3.89545046e-05
2.40996563e-05
2.03803964e-05
1.83820045e-05
4.03960951e-05
1.16350928e-04
3.02781852e-05
1.41251768e-05
3.79920606e-05
7.47807445e-05
8.36589085e-05
7.48061517e-05
5.27035493e-05
1.83828912e-05
4.89674363e-06
5.00396932e-06
6.00180921e-06
9.30600362e-06
1.05841211e-05
1.31202740e-05
4.08412946e-06
1.41492411e-05
3.38765862e-05
5.54834255e-06
4.10074057e-06
4.65571903e-06
4.64482826e-06
4.10698467e-05
2.19348255e-05
7.43890228e-06
3.28887760e-05
3.22802257e-05
6.35508277e-05
8.88278037e-05
1.86276687e-05
1.64302194e-05
2.29146666e-05
3.58163815e-05
3.37609059e-05
7.50882371e-06
1.42475114e-05
4.60948129e-05
5.59360799e-05
4.80700275e-05
4.81381690e-05
5.10949314e-05
5.43193215e-05
6.36450353e-05
3.66578064e-05
2.85844594e-05
2.57146033e-05
4.31126788e-05
1.99854164e-05
4.47153501e-05
6.68671944e-05
7.97373334e-05
2.20556202e-05
2.27830207e-05
2.65531115e-05
1.26884754e-04
1.67770529e-04
2.76030492e-05
1.45544076e-05
1.64207257e-05
4.86451865e-05
4.02837400e-05
2.13420591e-04
9.48070617e-05
1.24689507e-04
7.37161602e-05
3.11265886e-05
2.25647805e-04
4.90764731e-04
1.50196189e-04
2.87451989e-04
7.15462765e-05
3.49948408e-05
6.72953493e-05
2.05746807e-05
3.03031410e-05
3.32390033e-05
3.69175049e-05
1.50039007e-05
2.79584955e-06
1.60255444e-06
5.55616210e-06
1.33771000e-05
7.57403513e-06
2.61570106e-06
1.61703271e-06
1.63724204e-05
5.78975639e-05
2.55784939e-05
3.93749309e-06
1.87637410e-06
1.49682412e-05
3.19148747e-05
2.63167196e-05
2.86776185e-05
1.31310366e-05
4.14964677e-05
1.98116016e-05
5.65358946e-05
1.17688464e-04
7.62247878e-05
2.07183191e-05
2.15330295e-05
2.06922204e-05
4.18536049e-05
3.15891417e-05
2.43060044e-05
3.51453150e-05
2.21787355e-05
1.89168393e-05
5.87806779e-05
6.54793263e-05
5.88785867e-05
1.00296665e-04
1.61407638e-04
4.17330889e-04
2.28718762e-04
9.97862804e-05
1.04347472e-04
2.84558002e-05
3.35875553e-05
3.25940913e-05
5.99451566e-05
4.20739507e-05
2.70337675e-05
2.27666345e-05
1.83639446e-05
2.80324987e-05
3.95778142e-05
3.47395169e-05
1.05190918e-04
4.67092109e-04
2.80411035e-04
1.85293064e-04
3.90290978e-05
7.97346589e-05
3.61469116e-04
1.22213524e-04
4.03818276e-05
3.54100785e-05
1.97809598e-05
3.66433857e-05
5.06898899e-05
3.01851275e-05
4.83905470e-05
1.29374263e-04
3.77070237e-04
1.59257866e-04
1.08350117e-04
4.39576594e-05
6.55478074e-05
5.42480772e-05
2.62993043e-04
2.98396446e-04
1.65294053e-04
1.26792574e-04
8.25944070e-05
6.45376562e-05
4.57407113e-05
1.18307569e-04
9.88287047e-05
8.53070635e-05
3.85833826e-05
3.31346069e-05
1.16881257e-04
1.30504718e-04
1.59028914e-04
1.72764683e-04
3.35193253e-05
1.91750303e-05
1.87854939e-05
9.44103015e-06
9.41981008e-06
7.09627669e-06
2.91923319e-05
4.16605965e-05
2.69075786e-04
1.53578837e-04
5.62619492e-05
3.21281465e-05
3.21444260e-05
1.50319011e-05
2.24222307e-05
3.38037893e-05
2.69814368e-05
2.97149107e-05
2.20191625e-05
2.62520893e-05
5.10285649e-05
1.01203701e-04
2.95365668e-05
8.87782867e-06
2.49329463e-05
4.26863456e-05
7.68721599e-05
5.20965180e-05
4.33754046e-05
9.75764082e-06
1.36761489e-05
3.42787173e-05
4.22221955e-05
5.32267042e-05
6.99710389e-05
1.45242718e-04
1.59008725e-04
7.42555356e-05
5.45067869e-05
2.72078730e-04
1.62425086e-04
7.54276336e-05
5.11378286e-05
4.42146065e-05
4.19893490e-05
3.02794560e-05
2.96643305e-05
4.03055127e-05
3.84456949e-04
2.86524913e-04
1.41532776e-04
1.04689893e-04
2.06422392e-05
4.47164394e-05
2.85454179e-05
7.06879511e-05
7.23909537e-05
1.67569858e-05
1.41825427e-05
1.95788276e-05
2.37275331e-05
1.07907835e-04
3.42322306e-05
5.59810115e-04
5.25586459e-04
4.10820244e-04
9.66096053e-04
7.10250527e-04
4.34417471e-04
8.44123686e-04
2.99413231e-04
8.99742423e-05
4.15644123e-05
5.43164635e-05
1.34478290e-04
4.99715822e-04
1.56712447e-04
2.04423563e-04
2.26669080e-04
1.68247582e-04
2.14203220e-05
4.64722387e-05
5.54531786e-05
2.95022469e-05
5.49012921e-05
3.62634720e-05
3.32379037e-05
2.21118870e-05
1.87281807e-05
2.68173458e-05
9.47769224e-05
2.84261272e-04
1.02922311e-04
1.23966760e-04
7.80026076e-05
9.52354066e-05
1.13230260e-04
1.16374382e-04
8.37888597e-05
6.07140987e-05
4.08378996e-05
5.32080575e-05
6.85044922e-05
3.00599867e-05
1.18790757e-05
2.74065802e-05
8.22237406e-05
5.37293514e-05
6.67789385e-05
2.90716818e-04
2.85111340e-04
8.13941508e-05
8.54392468e-05
1.18260167e-04
3.11580417e-05
2.70266999e-05
5.91162196e-05
4.60827665e-05
4.41296588e-05
1.15528667e-05
2.57610340e-05
1.60248762e-04
9.35900217e-05
1.31826430e-04
1.10018175e-04
7.20730030e-05
8.03456464e-05
8.70488052e-05
6.79283891e-05
2.61899583e-05
1.11591089e-05
9.50818956e-06
2.48048495e-05
5.83539500e-05
4.57380850e-05
2.20393478e-05
3.56716819e-05
2.81209998e-05
3.56071252e-05
3.10167436e-05
3.12531103e-05
1.01804809e-04
1.06037351e-04
2.78102612e-04
1.04063075e-04
6.52199435e-05
7.65978566e-05
1.00654410e-04
6.18329122e-05
9.72310808e-05
2.43466505e-05
1.09918597e-05
2.08909449e-05
6.85672189e-06
1.32354472e-05
3.75906048e-05
7.12527603e-05
7.77654832e-05
2.32053777e-04
7.83208643e-05
6.92343912e-05
8.08844361e-05
4.54935250e-05
3.07770292e-05
1.93058227e-05
3.40711877e-05
2.94169709e-05
3.74840026e-05
1.62420349e-04
9.63660939e-05
1.74505632e-04
6.46347999e-05
6.20733147e-05
1.51178620e-04
3.96854954e-05
2.89789866e-05
1.85699594e-05
1.91182639e-05
2.32148975e-05
1.04657924e-05
1.77316866e-05
1.28598312e-05
4.57196986e-05
1.16923448e-04
3.98593418e-04
3.11453008e-04
4.42227191e-04
1.54062643e-04
6.46806300e-04
2.83482861e-04
2.63835045e-04
1.13707134e-04
9.24544355e-05
4.82357127e-05
3.50497213e-05
2.17585538e-05
3.49688736e-05
2.06958521e-05
1.14624793e-05
9.42689004e-06
2.27519782e-05
2.48710168e-05
1.05563180e-04
4.26560450e-05
7.80272077e-05
8.26209251e-05
1.83774384e-05
2.54899123e-05
1.43034509e-05
8.31379811e-06
5.41545749e-06
9.42400304e-06
9.40555630e-06
7.58229974e-06
1.90636076e-05
9.62847703e-06
1.29355219e-05
3.11534627e-05
7.23849717e-05
9.42510699e-05
9.86070118e-05
1.02450583e-04
3.77567167e-05
5.56015531e-05
1.18367032e-04
7.98862698e-05
8.81159786e-05
1.49713309e-04
8.56336363e-05
5.47972036e-05
5.89483473e-05
2.97108922e-05
2.83211253e-05
8.47398410e-05
7.76771840e-05
6.10352883e-05
1.01776346e-04
5.44722785e-05
3.74591129e-05
4.78483050e-05
4.64498348e-05
6.17452597e-05
3.39956001e-04
6.59624990e-05
2.36337278e-05
3.57332874e-05
2.84547892e-04
1.21101659e-04
4.44293170e-05
7.06848498e-05
5.61033947e-05
1.44718506e-05
9.75369513e-05
2.68161414e-05
8.60324604e-06
2.20997878e-05
3.63179714e-05
3.03162805e-05
3.37719856e-05
3.14918305e-05
2.69063001e-05
5.84348557e-05
7.50746809e-05
5.79327600e-05
2.68817727e-05
1.25903179e-04
3.82770631e-05
6.12409039e-05
6.12855890e-05
2.42009491e-05
1.70964019e-05
2.43417278e-05
3.99103922e-05
1.51150112e-04
1.33042322e-04
6.30800926e-05
1.28752812e-04
1.43708686e-04
1.97983247e-04
2.17970396e-04
2.09162590e-04
6.59116684e-05
3.36462681e-05
1.69141212e-05
4.71563232e-05
4.28093117e-05
5.91836140e-05
5.93252614e-05
8.81782913e-06
1.28442878e-05
3.49626992e-05
8.19114271e-06
3.53853769e-05
3.52711830e-05
1.72113291e-05
1.28531822e-05
3.70769029e-05
4.52156413e-05
3.33980988e-05
2.39371911e-05
3.48576747e-05
3.88739400e-05
7.15394823e-05
1.25381763e-04
8.57973870e-05
8.32062814e-05
7.69956708e-05
4.03041153e-05
3.16328584e-05
9.57625073e-06
2.58821887e-05
3.76788184e-05
1.03219079e-04
5.36173118e-05
1.36655032e-04
1.35371134e-04
1.37014326e-04
1.38231025e-04
8.42260225e-05
7.50060535e-05
3.23841474e-05
1.04885642e-04
6.29292690e-05
3.67884042e-05
1.67774045e-05
2.56078633e-05
3.47218398e-05
4.86976966e-05
1.15898315e-04
9.39688178e-05
6.89022119e-05
2.35730714e-04
9.54391016e-04
1.57804124e-03
9.29657353e-04
5.57366819e-04
5.18995983e-04
3.45518916e-04
2.57942524e-04
1.65841613e-04
9.62675765e-05
1.89296713e-04
7.93247975e-05
1.21788075e-04
7.40260577e-05
1.86985340e-04
1.98498181e-04
1.99150029e-04
3.23052194e-05
8.70194082e-06
7.98081473e-06
2.37877680e-05
2.85767181e-05
3.11539891e-05
1.84347692e-05
1.40719756e-05
2.00934931e-05
6.52455156e-05
3.57832836e-05
2.87823181e-05
1.84699041e-05
6.27825163e-05
5.86334108e-05
1.82072186e-04
1.29912582e-04
1.06471092e-04
7.30756234e-05
2.21820149e-05
1.17113360e-05
1.84502483e-05
6.37876687e-06
9.91465861e-06
1.56903700e-05
5.21000451e-06
7.13298134e-06
1.45156379e-05
3.73150109e-05
3.68148257e-05
2.09642102e-05
1.00868343e-05
2.11481481e-05
4.09195487e-05
2.14901393e-05
3.82886036e-05
4.00229638e-05
6.25554287e-05
7.74149637e-05
2.48010531e-04
6.14888844e-05
4.34753259e-05
4.62034030e-05
1.07145388e-04
2.25237344e-04
3.85979823e-04
1.56894865e-04
1.46125634e-04
2.98090334e-05
5.17639935e-05
2.39966955e-05
3.53823824e-05
3.29841511e-05
4.89510102e-05
4.10440728e-05
4.05904253e-05
2.89123641e-04
1.33877117e-04
1.12983293e-04
2.56015727e-05
2.59115064e-05
2.25802408e-05
2.12065472e-05
3.03756948e-05
1.11584106e-04
4.03603114e-05
8.94612309e-05
2.40113125e-04
2.17210712e-04
7.98025606e-05
1.91500910e-04
4.71947068e-05
7.05806400e-05
2.76700512e-05
7.81792368e-06
2.24937081e-05
1.60019504e-05
3.31042036e-05
3.54311410e-05
2.87579387e-05
6.61267341e-05
2.74102783e-05
2.91319003e-05
8.97976163e-06
1.16485262e-05
1.44261082e-05
2.23367377e-05
6.40853286e-05
4.79099568e-05
1.90148797e-04
8.69158039e-05
1.94044998e-04
5.23722797e-05
1.30904464e-05
1.70347692e-05
5.37433424e-05
2.40923723e-05
1.82907217e-05
1.32233943e-05
3.84237610e-05
2.68393632e-05
3.52960554e-05
3.15057173e-05
1.09475800e-05
1.66782921e-05
3.46529029e-05
1.47127424e-05
1.11865595e-05
1.17221582e-05
3.05689613e-05
7.36864953e-05
4.90598679e-05
3.63706046e-05
4.51853012e-06
1.74609559e-05
1.91937980e-05
6.84934651e-05
7.70838930e-05
9.21621928e-05
4.59388484e-05
9.29606037e-05
5.08829273e-05
4.15036395e-05
7.68071536e-05
1.25080432e-04
9.54640095e-05
7.26191159e-05
8.29123643e-05
1.26350220e-04
1.05913963e-04
8.65693799e-05
1.08778393e-04
1.68694104e-04
4.09003599e-04
6.99145817e-04
2.05634425e-04
9.98589110e-05
5.61299810e-05
1.36367625e-04
8.01559834e-05
7.76092246e-05
1.19476832e-04
8.26457970e-05
8.94686305e-05
2.33155000e-05
1.39475371e-05
9.85334342e-06
1.88657419e-05
4.46787760e-05
6.95543628e-05
4.01010805e-05
8.49564277e-05
1.07603403e-04
2.38418211e-05
1.55986968e-04
5.99648697e-04
1.78902651e-04
5.45207835e-05
1.98119135e-05
1.18086687e-05
2.45781398e-05
1.70558731e-04
1.05018733e-04
7.39892533e-05
2.17971049e-04
1.00796356e-04
1.63956797e-04
3.41878954e-04
4.17688617e-05
8.49728114e-05
3.18986558e-05
1.94872058e-05
5.09594516e-05
3.17046751e-05
2.88514688e-05
6.79137669e-06
9.16634427e-06
2.78961257e-06
3.31917045e-06
3.26225865e-06
3.10315643e-05
3.73616796e-05
6.97954364e-05
5.01462091e-05
3.50284897e-05
2.05228763e-05
4.10089059e-05
1.84920797e-04
1.09774478e-04
1.17968921e-04
1.08139638e-04
1.65750097e-05
2.08017754e-05
1.91803265e-05
3.23882888e-05
9.50075171e-06
1.56773190e-05
2.88745365e-05
2.76553768e-05
2.38413806e-05
8.67786821e-05
5.59391554e-05
4.97536131e-05
3.86076246e-05
1.58343192e-04
3.00140318e-04
2.00540239e-04
5.92480538e-04
2.59615455e-04
3.18938755e-04
3.66744870e-04
1.41990286e-04
8.19677955e-05
3.31642671e-05
1.51070008e-05
1.94728202e-05
2.88376724e-05
2.67326022e-05
3.32081199e-05
3.70999313e-05
7.52303750e-05
2.77472715e-05
8.09076274e-06
5.70778448e-06
9.80834716e-06
1.71172560e-05
1.76828705e-05
1.43504983e-05
5.05511420e-06
8.73155054e-06
1.10548642e-05
8.49457993e-06
2.83952164e-05
3.16632469e-05
2.30799910e-05
3.64425747e-05
1.63389810e-04
9.74512189e-05
1.49984306e-04
3.74253394e-04
2.60280423e-05
1.24726127e-05
3.52181414e-05
1.60587614e-05
2.89527800e-05
3.00414603e-05
8.44741563e-06
4.70373894e-06
4.46647449e-06
1.63786143e-05
2.73722571e-05
2.66401754e-05
3.54079101e-05
1.22385176e-05
1.53346021e-05
9.35001421e-06
4.55167794e-06
2.99930600e-06
1.32492976e-05
2.01085775e-05
1.77188986e-05
3.83061617e-05
5.07424045e-05
6.66576050e-05
7.67893441e-05
9.43563686e-05
6.07124152e-05
5.39770510e-05
2.92093849e-05
1.48759173e-05
1.42260439e-05
3.33727486e-05
1.34697672e-05
2.21497592e-05
1.49631423e-05
1.26627340e-05
3.18847726e-05
7.34095624e-05
5.60850879e-05
1.57228583e-04
7.11545963e-05
6.45197323e-05
2.11277726e-04
1.63328028e-04
3.36815742e-04
3.23013406e-04
1.93194632e-04
1.72407262e-04
5.15375588e-04
2.14094235e-04
6.99194303e-05
2.91217924e-05
1.52153464e-05
3.12166525e-05
4.82796798e-05
1.50799707e-04
1.43441811e-04
1.39637203e-04
6.50865247e-05
2.79707760e-05
5.48452943e-05
7.32999144e-05
6.50796251e-05
9.77783157e-05
1.19626358e-04
1.54372050e-04
4.34590011e-05
1.29948101e-05
1.29226921e-05
5.35964715e-05
1.14494575e-04
8.52526716e-05
2.22738940e-04
3.56447113e-04
2.46840900e-04
5.18135882e-05
2.93494764e-05
2.28197775e-05
1.18451374e-05
1.52106974e-05
7.56392540e-06
1.28302616e-05
3.29705726e-05
2.90396584e-05
1.57259318e-05
6.24488876e-05
2.52908765e-05
3.01009961e-05
6.17504073e-05
5.40132483e-05
9.67878540e-05
5.38659346e-05
7.53670945e-05
3.87541641e-05
2.87415962e-05
1.82301810e-04
6.25290799e-05
5.78690328e-05
9.85869746e-05
3.48029956e-05
4.22126383e-05
8.74636988e-05
6.23808279e-05
3.74193584e-05
2.00060438e-05
3.34109911e-05
4.83833173e-05
1.77242309e-05
1.60389170e-05
4.12802499e-05
2.41409427e-05
8.50014495e-05
2.66038156e-05
2.78538922e-05
9.99163830e-06
8.66080738e-06
2.17504991e-05
1.10557670e-04
2.11051276e-04
7.91243355e-04
4.41291921e-04
3.29403770e-04
2.02113730e-04
4.40729702e-04
9.24992330e-05
1.12956494e-04
8.46128603e-05
1.33304583e-04
9.65598188e-05
2.42258160e-05
1.72774198e-05
1.16803034e-04
2.00042568e-04
5.25270027e-04
2.90954891e-04
1.07743407e-03
5.95462883e-04
4.61554176e-04
1.18017505e-04
2.22573997e-04
8.76397297e-05
3.52686901e-05
2.21121448e-05
1.57424875e-05
5.40496898e-05
5.46368869e-05
3.81278856e-05
9.33818700e-05
3.06642306e-05
1.80405733e-05
2.41175019e-05
3.11504201e-05
1.19899527e-04
7.20480117e-05
6.37358980e-05
1.14063979e-04
2.24305749e-04
3.43477556e-04
1.68142693e-04
1.90940907e-04
1.63102151e-04
5.86742193e-05
1.82108577e-04
1.08517921e-04
3.85873481e-05
1.04891716e-05
1.52050006e-05
6.18699337e-05
4.19492906e-05
2.71783011e-05
1.54484640e-05
8.01492163e-06
3.04661382e-05
2.00830093e-05
1.27081290e-05
1.91810092e-04
3.19996076e-04
1.88190497e-04
2.89204396e-05
2.52737260e-05
2.53998423e-05
1.04636517e-04
1.04580905e-04
1.15615461e-04
4.22493783e-05
3.21291200e-05
2.58405819e-05
1.11085835e-05
1.50016428e-05
2.42349954e-05
1.55415177e-05
1.05335735e-05
1.07305654e-05
6.11249458e-06
1.26268806e-05
2.98106400e-05
4.19573801e-05
3.26080780e-05
2.52407552e-05
2.98140201e-05
5.43521818e-05
1.32477033e-05
8.03222922e-06
7.03315693e-06
8.08294741e-06
2.26074306e-05
1.20209396e-05
1.99359737e-05
5.35839149e-05
7.99534350e-05
2.39077570e-04
5.38331576e-04
2.12618202e-04
1.06975030e-04
3.73706235e-05
6.11932228e-05
4.69220027e-05
2.59116929e-05
1.32137955e-05
2.71132323e-05
2.27101255e-05
3.01377950e-05
1.61040339e-05
2.21222000e-05
2.06573854e-05
1.73953160e-05
1.79793830e-05
1.19150358e-05
1.54246829e-05
6.47072358e-05
3.93710850e-05
5.22370982e-05
1.94924724e-05
1.19996312e-05
4.13125932e-05
5.79566641e-05
4.01738412e-05
2.24061944e-05
5.72499691e-05
7.59589124e-05
7.32241052e-05
3.61958269e-05
1.03371695e-04
9.03729401e-05
7.40264636e-05
9.99087332e-05
1.70437707e-04
8.56351609e-05
1.27665920e-04
1.05416274e-04
1.27820962e-04
2.96376661e-04
1.39697271e-04
8.11485637e-05
7.50113838e-05
7.82078028e-05
3.84196634e-05
3.14340169e-05
2.94267004e-05
1.96424624e-05
2.46481118e-05
1.72824255e-05
6.27751550e-05
3.71082722e-05
5.84825173e-05
4.58661403e-05
2.62457097e-05
1.57133077e-05
5.33311014e-05
1.27608402e-04
6.58168412e-05
1.06884994e-04
3.28983800e-05
9.64027331e-06
1.16564004e-05
5.46510893e-06
8.92580922e-06
3.58330704e-05
1.49528742e-04
5.07624406e-05
2.92788136e-05
