5.46652798e-05
6.13919929e-05
4.73688248e-06
1.74369154e-05
8.30028531e-05
2.33074067e-04
4.09804585e-05
1.12060510e-04
7.26577828e-05
7.48177188e-05
4.07008593e-05
6.87802640e-05
8.79572106e-05
7.59629094e-05
6.92526273e-05
4.33609664e-05
6.60992462e-05
2.28619568e-05
4.84167188e-05
9.82479585e-05
2.10502850e-05
9.68670726e-05
1.47943799e-04
4.01031757e-05
2.95827029e-05
1.50498019e-05
7.26002453e-06
2.00400127e-05
1.64874812e-05
2.62479017e-05
2.29748512e-05
2.92150385e-05
1.06577783e-04
6.40920637e-04
5.52176904e-04
3.59646220e-04
4.71995982e-04
9.41080670e-05
1.59511709e-04
5.20423234e-05
7.41409280e-05
6.93506079e-05
2.21082209e-05
4.10853209e-05
1.45729866e-05
3.64026393e-05
1.87889777e-05
1.18962853e-04
4.04021259e-04
3.53869208e-04
1.70841774e-04
5.24764649e-05
6.34334884e-05
1.12559528e-04
2.09076652e-04
1.83953637e-04
1.86430385e-04
3.98591988e-05
3.57126509e-05
1.13006209e-04
7.13034982e-05
4.37327937e-05
4.15264128e-05
4.30089380e-05
3.91045069e-05
4.84377440e-05
1.28097171e-04
1.27272586e-04
2.22684593e-04
4.56295020e-05
3.73261245e-05
4.85333020e-05
2.23884765e-05
7.32878823e-05
1.35105109e-04
1.25716657e-04
6.45035805e-05
6.52290701e-05
5.25240361e-05
7.05864988e-05
1.41046602e-04
1.60812686e-04
6.11436590e-05
5.22742352e-05
3.63832377e-05
3.52433049e-05
6.80671640e-05
5.40731272e-05
5.95277034e-05
5.86030629e-05
4.13478916e-05
8.80982791e-06
1.51031482e-05
7.26080681e-05
8.83819710e-05
5.32284909e-05
2.97457521e-05
6.19951919e-05
8.14197678e-05
9.78899269e-05
5.71331908e-05
4.16891630e-05
4.86085267e-05
4.78243525e-05
8.72900164e-05
3.14937693e-04
1.58056196e-04
5.54556189e-05
9.60647362e-05
1.14013792e-04
1.08910707e-04
7.53978527e-05
2.63662524e-05
1.32093213e-05
9.66254416e-06
4.58901842e-05
3.64987934e-05
3.79654360e-05
1.39434490e-04
1.71703985e-04
1.02788153e-04
9.32962445e-05
7.85121557e-05
2.09532242e-05
6.79032573e-06
2.65523645e-05
4.00264186e-05
4.16536826e-05
1.72916361e-04
1.94189854e-04
6.51334816e-05
7.60054794e-05
3.24372720e-05
2.17407658e-05
9.74862623e-06
1.43472261e-05
2.64516634e-05
3.61056857e-05
5.02087246e-05
8.76643222e-05
2.12762300e-04
3.25959353e-04
1.32515383e-04
2.50706031e-04
9.17070061e-05
7.83602567e-05
2.69867355e-05
6.84600955e-05
1.86663773e-05
2.93847236e-05
1.76270062e-05
1.19499674e-05
1.17101590e-05
1.23048447e-05
1.60287500e-05
2.46667320e-05
4.06454482e-06
2.31630610e-05
2.79937778e-05
1.50310569e-05
1.64051386e-05
6.51184479e-06
1.03376767e-05
1.90713194e-05
2.10438702e-05
7.31811885e-06
9.85019718e-06
3.44373082e-05
9.97075839e-05
4.73253338e-05
3.99509611e-05
3.70847538e-05
5.85929099e-05
3.58820848e-05
7.11782198e-05
3.41833144e-05
2.28734155e-05
7.88542448e-05
1.37069573e-04
5.64084567e-05
7.67840314e-05
8.53652045e-05
3.63715078e-05
3.95089955e-05
5.41283740e-05
3.13623017e-05
8.13782844e-06
6.03108405e-06
4.36261488e-05
9.96003230e-05
1.67157126e-04
1.37913614e-04
1.38727644e-04
1.03095034e-04
3.41733080e-05
4.25801932e-05
6.77416128e-06
1.24973978e-05
2.51597280e-05
6.53413605e-05
5.23449076e-05
8.16338010e-05
4.35654660e-05
2.50102661e-05
2.50338993e-05
5.87347277e-05
1.45209779e-04
7.41287165e-05
1.80701967e-04
2.82853618e-05
5.41820085e-06
1.84953329e-05
2.97846890e-05
1.35114277e-04
3.82660262e-04
2.43904236e-04
6.01076617e-04
1.15991151e-04
7.92754961e-05
2.57779477e-05
9.33210416e-05
7.59419621e-05
7.66684714e-05
6.20050038e-05
7.62885684e-05
1.47676859e-04
1.66848564e-04
1.68166102e-04
2.01392428e-04
3.04451904e-04
5.31181715e-04
1.87907444e-04
1.08320810e-04
6.45208859e-05
8.20881055e-05
9.78343571e-05
3.75316098e-05
2.89754414e-05
4.60809395e-05
4.52152190e-05
3.88514191e-05
3.81040685e-05
7.72286437e-05
1.26535708e-05
4.92978125e-05
8.74045481e-05
1.16964077e-04
1.37029249e-04
1.49443473e-04
6.05046321e-05
1.10033803e-05
8.71598263e-06
1.28127576e-05
4.05847787e-05
6.59380905e-05
2.01802120e-05
3.98768460e-05
3.74704506e-05
5.22374939e-05
1.03503218e-04
1.51136692e-04
1.69430956e-04
1.19078390e-04
1.02590611e-04
1.02219802e-04
6.20330835e-05
9.44477090e-05
6.15758828e-05
3.91809420e-05
2.21586251e-05
1.54071739e-05
1.53153553e-05
2.72650293e-05
1.92039709e-05
2.93378109e-05
3.06474134e-05
1.40623229e-05
1.06741387e-05
2.98050341e-06
1.52091232e-05
1.39226153e-05
1.67880417e-05
4.45748433e-05
7.59562218e-05
3.51355704e-04
1.04510524e-03
6.37740303e-04
1.71874018e-04
6.32036891e-04
4.61218253e-04
1.42615197e-04
2.40540361e-04
1.73137405e-04
1.98738444e-04
1.45229647e-04
1.99862562e-04
1.44669602e-04
1.24366114e-04
1.36388884e-04
1.19258545e-04
6.71227723e-05
6.06619980e-05
3.35163197e-05
3.99469389e-05
3.84293070e-05
4.50744635e-05
4.06689205e-05
3.43222585e-05
1.48645628e-05
1.04942963e-05
4.10446328e-05
3.79105410e-05
9.92389018e-05
7.54354822e-05
3.96659240e-05
3.40732329e-05
2.68885541e-05
4.55685617e-05
7.64384976e-06
1.71096616e-05
4.25098919e-05
2.09109811e-05
3.67679971e-05
2.79704235e-05
4.63429204e-05
1.24881150e-05
2.56289464e-05
1.03397274e-04
3.27006755e-04
1.79209478e-04
2.45948157e-04
4.23168815e-04
4.57450088e-05
3.11769392e-05
3.73989507e-05
1.40488071e-04
1.04551276e-04
2.82477693e-05
1.34685762e-05
5.15283270e-05
2.16664535e-04
4.08896202e-05
2.20109850e-05
3.28173982e-05
3.28920700e-05
1.52177314e-05
2.55480583e-05
2.04353850e-05
1.84206455e-05
2.30889317e-05
4.22678308e-05
6.38214671e-05
6.66245205e-05
3.25458358e-05
3.97052501e-05
2.51720946e-05
4.98758267e-05
3.79258974e-05
1.65207302e-04
1.46869120e-04
7.69115749e-05
4.93612196e-05
1.56723819e-04
1.96884781e-04
1.30985178e-04
8.64737634e-05
2.60428207e-05
1.32387892e-05
1.21415001e-05
2.14349791e-05
1.20653801e-05
1.08750790e-05
4.38100552e-05
3.04640929e-05
9.08749265e-06
1.08865004e-05
5.24214975e-06
8.51960675e-06
1.20161262e-05
6.20253740e-06
1.45468281e-05
3.18475483e-05
8.59640376e-05
5.00182485e-05
4.27827026e-05
9.65628677e-05
2.28370255e-04
1.25938051e-04
1.35374334e-04
5.12082879e-05
2.93563009e-05
3.43553277e-05
6.65485071e-05
1.27625933e-04
5.82302400e-05
9.76315828e-05
5.98309455e-05
8.85750716e-05
2.08160879e-04
2.37831973e-04
1.00119500e-04
1.02154652e-04
8.56423665e-05
7.98843204e-05
1.29539218e-05
6.10004080e-05
3.40256703e-05
1.68764919e-05
4.86930684e-05
3.51360630e-05
5.30974111e-05
4.24947982e-05
7.08907069e-05
3.09136602e-04
6.89975272e-05
1.42648090e-04
9.30956879e-05
3.39351255e-05
8.81334068e-05
5.05885828e-04
3.59794659e-04
3.95331772e-04
1.19231861e-04
3.17684333e-05
2.83662585e-04
2.03326409e-04
8.47493515e-04
2.17660662e-04
3.36620226e-04
4.07765468e-04
2.76945746e-04
4.95477165e-04
3.30912680e-04
1.73473594e-04
3.23688748e-04
1.44347156e-04
1.78631783e-05
4.90778012e-05
1.15874343e-04
4.92275315e-05
1.12077371e-04
5.91199228e-05
1.97281009e-05
1.95802013e-05
1.37738843e-05
1.15800275e-05
1.52698325e-05
9.27220020e-06
2.89015199e-05
2.89967101e-05
8.59211485e-06
1.91508788e-05
4.30039773e-05
3.22243304e-05
3.01474280e-05
3.31289968e-05
2.31699840e-05
4.29254739e-05
4.14734824e-05
2.69616632e-05
9.68680758e-05
1.59871402e-04
5.44484664e-05
5.35459794e-05
4.52413470e-05
3.29217679e-05
5.66439619e-05
3.10489575e-05
1.52231941e-04
6.48755857e-05
5.81291389e-05
1.34014860e-04
4.69615916e-05
3.53888548e-05
1.10282090e-04
7.28701878e-05
7.86806142e-05
1.20815642e-05
2.61819759e-05
4.06082155e-05
8.69832811e-05
1.37568918e-04
1.72348326e-04
1.14512879e-04
6.31101619e-05
3.75631686e-05
1.17422855e-04
1.59928482e-04
1.28948114e-04
1.06400727e-04
5.35056236e-05
7.38113713e-05
5.96630485e-05
7.07429533e-05
1.86213389e-05
3.09280898e-05
2.24990962e-05
1.70631329e-05
2.58693042e-05
4.30043486e-05
2.28025211e-05
9.21863045e-05
2.11205481e-05
2.50036570e-05
1.52202500e-04
7.76497845e-05
8.92722678e-05
7.91153668e-05
3.18142770e-05
2.69991386e-05
9.77897781e-05
5.20809126e-05
5.12534023e-05
4.22495057e-05
3.77071184e-05
6.97315189e-05
3.13246606e-05
2.29176960e-05
5.59414794e-05
2.58966213e-04
1.38365287e-04
1.02055047e-04
7.57947641e-05
7.58930547e-05
8.78090848e-05
8.74884250e-05
1.15266980e-04
8.66814255e-05
8.26925076e-05
1.77750559e-04
7.33534948e-05
5.95983494e-05
3.86398278e-05
2.20165766e-05
2.43783927e-05
3.84743237e-05
2.37476095e-05
2.35887269e-05
4.97698510e-05
6.27783036e-05
5.82699255e-05
2.24067750e-05
3.05275130e-05
4.34274946e-05
3.52644596e-05
3.62172502e-05
5.87991286e-05
8.87101265e-05
2.11380483e-05
1.76864991e-05
2.89269647e-05
3.31322699e-05
2.27425160e-05
3.32015152e-05
1.00074040e-04
2.43197747e-04
2.83051377e-04
1.49046372e-04
3.34604900e-05
2.80465748e-05
4.67943980e-05
9.69084386e-05
2.67794702e-04
2.35114673e-04
6.75023944e-05
1.22937804e-04
5.04205008e-05
8.19915717e-05
2.13663777e-05
4.40320863e-05
9.77970813e-05
1.33446741e-04
6.49286811e-05
5.76310647e-05
1.24000264e-04
4.71265973e-05
5.70536372e-05
3.87896725e-05
2.33631692e-05
1.59330576e-04
6.66597294e-05
1.41347792e-04
2.41049794e-04
6.12407346e-05
1.21965519e-04
2.49113493e-04
2.86342085e-04
1.72729521e-04
7.29235793e-05
1.59466139e-04
9.40671391e-05
4.43485553e-05
5.23280167e-05
4.52423868e-05
5.17550678e-05
2.08895625e-05
4.86416533e-05
1.85023643e-04
1.24595725e-04
2.25718361e-04
1.34032041e-04
7.76432439e-05
4.33911227e-05
2.55985824e-05
1.26637996e-04
9.62209813e-05
4.12157058e-05
1.00148590e-04
6.00208109e-05
1.45262321e-05
2.07439220e-05
9.33653527e-06
1.30045515e-05
2.68700138e-05
6.96535270e-06
4.25649271e-05
4.59692211e-05
5.65047379e-05
3.52370475e-05
3.87074562e-05
1.30550013e-04
1.01164071e-04
6.53679481e-05
6.23357970e-05
7.59647230e-05
6.25064055e-05
1.29847536e-05
2.35189297e-05
2.61912556e-05
1.67068187e-05
9.78557401e-06
7.59998217e-06
1.45417402e-05
1.46449791e-05
4.08272366e-05
2.36806121e-05
3.36388863e-05
3.19453745e-05
3.02099658e-05
6.27333169e-05
3.02164426e-05
2.20104656e-05
3.91774082e-05
2.37898548e-05
1.37884793e-05
5.16917077e-05
2.56750465e-05
2.63559219e-05
2.40490084e-05
2.37503843e-05
4.69947436e-05
2.01280212e-05
4.87491258e-05
2.47066915e-04
2.20628729e-04
2.02483439e-04
1.65817464e-04
1.68650791e-04
2.80888716e-05
5.20427788e-05
2.22243226e-05
2.72720038e-05
5.43402547e-05
5.47499853e-05
1.31820670e-04
5.98752137e-05
7.02480009e-05
1.37279903e-04
1.49583590e-04
2.55735175e-05
1.59647440e-05
1.13389106e-05
1.90299512e-05
8.52561476e-05
4.94570283e-05
1.78307685e-05
9.98094186e-05
4.40332206e-05
2.05983746e-04
5.51953333e-05
3.68219936e-05
1.08064912e-04
7.31257928e-05
2.95226902e-05
8.79658001e-05
4.18866087e-05
5.22302178e-05
5.89924476e-05
8.05321052e-05
5.77131431e-05
4.48445506e-05
8.33287643e-05
8.91089815e-05
7.61507044e-04
2.90684751e-04
2.79557072e-04
8.95525073e-05
5.18605393e-04
1.56607891e-04
1.77535374e-04
1.17487576e-04
1.67349519e-04
2.72905118e-04
3.71613835e-04
1.74365799e-04
1.04799163e-05
1.36981369e-05
2.12424909e-05
3.58960464e-05
3.27363651e-05
1.62159665e-04
8.67091960e-05
8.08504078e-05
1.31153990e-04
8.64572151e-05
1.29466995e-04
2.80484841e-05
3.87349341e-05
5.19212630e-05
5.85669637e-05
1.99803972e-05
3.70432328e-05
1.25207466e-05
8.85545662e-06
1.31098862e-05
7.28142058e-06
1.73751305e-05
1.90181407e-05
3.66848284e-05
4.49421289e-05
4.09011761e-05
8.19575884e-05
5.29657207e-05
7.18878098e-05
1.42282238e-05
2.89933473e-05
2.97120831e-05
2.66815102e-05
5.45216931e-05
1.38647033e-04
5.20963600e-04
2.55801382e-04
2.39971253e-04
1.40536874e-04
4.36962223e-05
1.24675300e-04
1.41500755e-04
9.60099807e-05
1.65567294e-04
1.68696839e-04
1.67094143e-04
1.31086796e-04
8.84840712e-05
4.89459921e-05
9.00144173e-05
9.09219577e-05
8.91854743e-05
1.73242614e-04
3.01533147e-04
2.45509443e-04
1.21213569e-04
3.76740196e-04
2.77678326e-04
3.24739505e-04
9.32265059e-05
7.73503493e-05
9.88024256e-05
1.27654626e-04
1.24267604e-04
1.06373120e-04
1.21223272e-04
1.18434407e-04
7.64033781e-05
4.31093773e-05
7.68720635e-05
4.15332742e-05
3.14195177e-05
2.22689298e-05
8.93215820e-06
2.75286179e-05
2.61097345e-05
3.14241231e-05
7.25266739e-05
8.51825178e-05
4.02686754e-05
2.37707049e-05
5.80014429e-05
9.68887933e-05
1.40646003e-04
8.10104691e-05
5.14514241e-05
4.98846464e-05
5.57060649e-05
2.26234765e-05
5.75150134e-05
1.83425230e-05
5.66770417e-06
1.75045820e-05
2.03211411e-05
1.39276960e-05
1.20259330e-05
1.46866803e-05
1.67576609e-05
2.11255353e-05
5.02009538e-05
3.06053573e-05
3.26890500e-05
4.72096701e-05
3.39155380e-05
1.91855798e-04
5.33943828e-05
8.05404210e-05
1.19544112e-04
1.11085066e-04
1.21642767e-04
7.73341893e-05
1.55933308e-04
4.81824133e-04
2.94018223e-04
1.67412057e-04
5.11809763e-05
1.19958217e-04
6.53883555e-05
2.99170111e-05
4.09673297e-05
3.92493891e-05
9.25746968e-05
3.54084944e-05
3.85990137e-05
4.84968061e-05
1.42976122e-05
1.58860779e-05
3.07697741e-05
1.17013543e-04
6.35698513e-05
6.05319852e-05
3.38265817e-05
1.67268448e-05
3.05319275e-05
1.36833934e-05
5.32130023e-05
6.68442136e-05
6.06081511e-05
3.64487519e-05
1.94790284e-05
2.96661169e-05
4.59956484e-05
5.46932341e-05
4.28912350e-05
1.90622727e-05
2.65578262e-05
1.01357945e-05
3.25033800e-06
6.79772193e-06
9.33714493e-06
1.06065350e-04
1.36945849e-04
1.30928779e-04
1.29313373e-04
1.22042302e-04
3.23783000e-04
1.98398594e-04
9.70183303e-05
1.44010078e-04
6.91740477e-05
3.37977970e-05
8.57243980e-05
1.18951535e-04
2.84875335e-05
1.52547748e-05
1.29615517e-05
2.06094506e-05
6.36344448e-05
4.03613718e-05
2.24582737e-05
4.08959951e-05
2.46272800e-05
4.74137771e-05
3.85815434e-05
1.26674283e-04
1.16055201e-04
1.03217828e-04
1.81102451e-04
5.79666803e-05
2.25844135e-05
1.53639255e-05
4.18676318e-05
2.44547626e-05
1.24805736e-05
1.68916678e-05
1.15572928e-05
8.67500154e-06
1.10350174e-05
2.06888396e-05
3.49123518e-05
2.18603238e-05
1.27475896e-05
6.36138025e-05
2.64853812e-05
1.69500942e-05
3.61401774e-05
2.17097706e-05
4.95564959e-05
1.99778870e-05
2.08483230e-05
1.52408703e-04
4.72741710e-05
2.70584245e-05
5.21205806e-05
1.81643711e-05
5.16922877e-05
5.66985185e-05
1.36087216e-04
1.28083851e-04
1.74871439e-04
1.23872392e-04
1.60881521e-04
2.71467058e-04
2.30352413e-04
2.61905440e-04
8.12163209e-05
3.77651989e-05
9.27675584e-05
4.69731354e-05
6.39501379e-05
1.61586318e-05
1.46640878e-05
2.00764081e-05
1.76313834e-05
1.50014063e-05
1.93487957e-05
4.41888785e-05
5.80361811e-06
1.28204510e-05
1.78331843e-05
2.42894037e-05
5.17083714e-05
4.65336043e-05
2.70050979e-05
1.86565321e-05
3.17670053e-05
6.43507068e-05
8.69036682e-05
6.87121854e-05
2.96659792e-05
4.70940726e-05
2.08358383e-05
1.56968076e-05
5.60934560e-05
4.42857506e-05
1.87061637e-05
1.40302922e-05
2.35793425e-05
1.19863834e-04
2.97164675e-04
9.03878587e-05
7.17321002e-05
3.21762075e-05
1.11376692e-04
4.08021872e-05
1.27288022e-05
8.13925461e-06
1.53910994e-05
5.04868145e-05
4.62393945e-05
1.46258184e-04
5.01302699e-05
1.78191063e-05
3.70975965e-05
1.60384646e-05
2.43351080e-05
7.35843656e-05
1.12610290e-04
1.28288558e-04
8.02539595e-05
1.37345054e-04
1.01789293e-04
3.82811905e-05
8.86837733e-05
2.35831169e-04
1.45926998e-04
4.35436530e-04
1.82300484e-03
5.28594202e-04
2.31981810e-04
2.21294928e-04
4.12482627e-05
5.20859152e-05
5.34401076e-05
3.97057639e-05
5.35273771e-05
1.61173826e-05
3.16567633e-05
9.29446965e-06
1.36763990e-05
2.92579477e-05
2.99024567e-05
5.58468441e-05
2.91848685e-05
2.40660623e-05
5.50447478e-05
6.92802844e-05
1.17699582e-04
1.02202333e-04
1.64740237e-04
1.43148742e-04
8.64059994e-05
4.37123399e-05
1.88838751e-05
1.79671169e-05
2.16396669e-05
2.49167209e-05
2.90164738e-05
1.39625072e-04
7.19671718e-05
9.34219802e-05
1.22694195e-04
1.91154902e-04
1.87576852e-04
8.17285543e-05
5.55089958e-05
4.14190573e-05
8.30922985e-05
9.80585777e-05
1.67344154e-04
8.76134241e-05
4.56075028e-04
1.41050245e-04
1.43409516e-04
1.01099628e-04
7.91637405e-05
1.22505695e-04
2.79550332e-05
3.35626641e-05
1.18538118e-05
8.78331379e-06
1.95204169e-05
1.25884402e-05
3.27600383e-05
8.41388782e-05
1.56195312e-04
7.50688361e-05
4.50457125e-05
4.80538087e-05
5.26778537e-05
2.87174250e-05
1.93352829e-05
5.48304683e-05
4.80759026e-05
7.66172255e-05
1.29750520e-04
3.56706955e-05
1.55262032e-05
1.43712271e-05
5.01671191e-05
4.84350759e-05
3.06050532e-05
7.61726482e-05
4.46603897e-05
8.89632031e-05
3.42058319e-05
5.54690707e-05
5.28679642e-05
6.28280562e-05
5.97970309e-05
1.33976763e-05
7.49220587e-06
5.79436470e-06
2.71720709e-05
1.41091434e-05
2.76461717e-05
1.10597370e-04
1.11038718e-04
3.00717928e-04
2.74685090e-04
1.41595454e-04
8.92901056e-05
5.69093138e-05
3.63168042e-05
8.84852890e-05
1.13509026e-04
2.57889114e-04
2.10100405e-04
2.11543649e-04
1.43563654e-04
5.20461921e-05
2.73510949e-05
1.90725367e-05
3.59650686e-05
7.86232819e-05
4.51554272e-05
1.25213025e-05
4.34915942e-06
1.45562647e-05
6.87677128e-05
6.05237988e-05
4.19231790e-05
5.65875402e-05
3.42546918e-05
6.55277627e-05
5.38675742e-05
2.93414528e-05
2.78696269e-05
2.38355380e-05
7.59748189e-06
2.66180173e-05
1.61836128e-05
1.43203679e-05
2.02662854e-05
4.01372487e-05
4.83697204e-06
1.37231790e-05
1.30681905e-05
1.35865022e-05
2.30694858e-05
2.72416901e-05
1.12412798e-05
1.89497449e-05
2.93781701e-05
3.48232322e-05
3.18300877e-05
1.07261900e-04
7.64457539e-05
1.22146979e-04
5.56407846e-05
2.15477317e-05
3.69222110e-05
4.75299513e-05
1.56509082e-04
2.36131642e-04
5.10337563e-04
2.98172434e-04
2.22996314e-04
7.53540734e-05
5.93544304e-05
3.41966469e-05
2.80724714e-05
4.17552522e-05
4.40317271e-05
5.98048574e-05
6.43442925e-05
1.73608106e-04
1.58764641e-04
8.06549401e-05
2.42158834e-05
2.42912481e-05
3.25123117e-05
7.53753160e-05
1.82730235e-05
3.17177434e-05
5.52020284e-05
6.32270014e-05
1.24514741e-04
4.07572711e-05
2.21333058e-05
1.19349311e-05
2.67186355e-05
2.31134181e-05
3.36097549e-05
2.26814915e-05
1.02478340e-04
2.89697094e-05
2.50764156e-05
7.40495719e-06
8.31434915e-06
1.10476278e-05
9.42621159e-06
3.63146930e-05
3.32226459e-05
4.90433031e-05
1.50380780e-05
1.75646382e-05
3.42247818e-05
6.62330980e-05
1.30384927e-04
3.35616784e-04
1.35118056e-04
6.33463889e-05
8.39270798e-05
5.90593583e-05
6.53722610e-05
5.00544165e-05
3.10764169e-05
1.20312329e-04
5.04184188e-05
1.06037264e-04
1.67373556e-04
2.46835363e-04
4.73832578e-04
1.36188445e-04
7.77679097e-05
1.49390647e-04
1.24829581e-04
1.19665052e-04
9.61390299e-05
2.03479162e-04
2.09136019e-04
1.15900208e-04
4.47378915e-05
3.36485847e-05
1.06614726e-04
1.37498812e-05
1.80419772e-05
2.35115208e-05
9.53429884e-06
3.30720861e-05
5.32518751e-05
4.07079176e-05
6.77363509e-05
1.99130444e-05
3.92302486e-05
3.22934940e-05
1.29786752e-04
1.51129080e-04
1.00691230e-04
5.90361006e-05
3.11586623e-05
4.49782018e-05
3.77803929e-05
1.31369106e-05
1.52681199e-05
3.82041814e-05
2.79180364e-05
2.83076559e-05
3.91131946e-05
6.44699389e-05
9.33843562e-05
6.08059320e-05
1.32918152e-05
9.49063626e-06
2.17407839e-05
2.18295390e-05
5.90460008e-06
2.91484317e-06
9.89528516e-06
5.92383499e-05
1.01588373e-04
1.86796398e-04
5.51182938e-05
6.91854269e-05
1.53002626e-04
7.92347818e-05
5.59477844e-05
2.67729621e-05
2.66581481e-05
2.24794427e-05
2.92026522e-05
2.45340535e-05
2.10733819e-05
1.36263679e-04
6.57995529e-05
1.06404157e-04
1.92699579e-05
1.85626547e-05
4.74090184e-05
6.91999963e-05
9.64742826e-05
1.07774890e-04
4.30622485e-05
5.46226013e-05
8.09233626e-05
1.64941537e-05
8.73247069e-06
1.54598667e-05
3.07465208e-05
3.44657425e-05
3.13764968e-05
4.91931419e-05
5.12163018e-05
3.33369127e-05
1.11168433e-05
2.58047341e-05
1.84208038e-05
1.39429857e-05
6.28532480e-05
3.47649542e-05
1.64664857e-05
1.59186996e-05
3.23214277e-05
1.29020634e-04
2.47522580e-04
1.64351789e-04
1.02533290e-04
9.57206276e-05
1.54584112e-04
1.81134021e-04
1.82526756e-04
4.69368734e-05
3.49286793e-05
2.14963380e-05
6.64799015e-05
4.50457946e-05
8.08100535e-05
2.24210129e-05
3.67622077e-05
4.94411538e-05
4.70603769e-05
9.08659019e-05
5.14431848e-05
3.50367907e-05
2.55874248e-05
1.57477997e-05
1.26680403e-05
1.49900856e-05
2.43441443e-05
2.87318674e-05
3.18272610e-05
1.08424536e-05
6.72794853e-06
1.35810186e-05
2.11791684e-05
2.57487547e-05
2.75051043e-05
5.40141729e-05
1.09090889e-04
4.57167898e-05
2.75450245e-05
2.81790656e-05
1.52308885e-05
2.42386142e-05
1.06477810e-04
1.95883108e-04
1.61456766e-04
2.19740012e-04
2.20247111e-04
1.47005070e-04
4.65225011e-05
2.74247645e-05
5.82298105e-05
3.81444459e-05
7.11760153e-05
5.38757029e-05
4.01674261e-05
3.04010698e-05
4.34753257e-05
4.39965562e-05
1.34813187e-05
9.03725729e-06
4.86207711e-05
3.43096008e-05
3.72938038e-05
1.16725119e-04
1.19429991e-04
1.98446721e-04
1.10085307e-04
4.91601377e-05
8.47285885e-05
7.24609653e-05
4.07897847e-05
2.93155885e-05
1.22437425e-05
1.59203389e-05
2.12650404e-05
5.32285108e-06
1.62860552e-05
1.30898056e-05
9.18211915e-06
1.22200996e-05
7.66910650e-06
8.42763898e-06
3.07931181e-05
8.24157573e-05
7.50583418e-05
4.47941970e-05
5.08524265e-05
1.72463045e-05
3.95565876e-05
6.85296096e-05
5.49082607e-05
2.76371795e-05
3.62320374e-05
4.91009402e-05
5.23529448e-05
6.29667406e-05
6.40343539e-05
9.57299664e-05
1.96519266e-04
1.23115446e-04
1.74690222e-04
7.12519908e-05
1.21148291e-04
7.99567556e-05
2.58539850e-05
2.40259721e-05
5.21784386e-05
7.59731063e-05
1.05416108e-04
1.03425798e-04
8.92851335e-05
4.44482690e-05
8.62409075e-05
3.87042620e-05
1.26031075e-04
3.42473630e-04
2.82259851e-04
2.36239257e-04
4.13515949e-04
3.53681247e-04
1.96512620e-04
4.38192961e-04
6.62665665e-04
3.20296010e-04
2.58708732e-04
8.53211350e-05
1.90436163e-04
2.92366751e-04
3.65714665e-04
1.15060363e-04
3.11426798e-04
9.85029653e-05
1.00470985e-04
1.17423980e-04
8.47939320e-05
4.54158782e-05
2.88199414e-05
8.29151771e-05
6.95811509e-05
4.53556500e-05
9.44656671e-05
6.17037290e-05
3.76108478e-05
4.88439416e-05
8.60978915e-05
9.95958750e-05
8.55766331e-05
8.98365920e-05
4.74252373e-05
7.93198140e-05
9.77876225e-05
1.95628235e-04
5.21738000e-05
3.51190941e-05
8.53707540e-05
1.98455207e-04
1.05174771e-04
8.05224418e-05
1.24659674e-04
1.99156088e-04
1.01884171e-04
9.65051636e-05
1.04516564e-04
1.20072672e-04
1.10735595e-04
7.10422268e-05
4.36789682e-05
2.91164363e-05
2.20255677e-05
4.53108122e-05
7.77319597e-05
2.12175686e-04
1.52203106e-04
4.09935272e-04
2.85473713e-04
3.38714788e-04
1.94483221e-04
7.69035733e-05
1.19577554e-04
9.17951994e-05
5.12353175e-05
7.62556597e-05
8.58547641e-05
1.85691706e-04
3.90700173e-05
3.68800612e-05
3.95040928e-05
6.31679341e-05
6.70926145e-05
3.23337090e-04
2.15108278e-04
1.56902587e-04
2.19920594e-04
2.07501422e-04
1.12750240e-04
1.24082859e-04
1.11135235e-04
5.34916843e-05
3.57208178e-05
3.67627155e-05
9.34632150e-05
1.13403905e-04
1.08378421e-04
9.42896469e-05
1.17110646e-04
1.32066385e-04
1.69848841e-04
1.86845576e-04
1.01753521e-04
7.11021523e-05
7.88239690e-05
1.19523672e-04
1.95909691e-04
1.49600043e-04
1.85465723e-04
1.58165265e-04
6.70545572e-05
9.88774638e-05
2.43008012e-05
3.95143307e-05
3.86508383e-05
7.02686200e-05
