3.78389923e-05
3.52677795e-05
3.81218483e-05
8.28329915e-05
3.93386491e-05
4.57863843e-05
5.98313574e-05
4.84949765e-05
2.24760436e-05
4.99976193e-05
2.26710403e-05
1.83581868e-05
1.88155410e-05
2.75462675e-05
3.88575290e-05
2.42925883e-05
5.11775144e-05
1.83022226e-04
1.86254394e-05
2.75519098e-06
3.13051041e-06
8.27027743e-06
3.01744261e-05
1.24453126e-04
1.27692583e-04
9.39108261e-05
5.65913153e-05
3.30874496e-05
1.39161372e-05
4.60218947e-06
7.62204382e-06
2.61135260e-05
2.64939169e-05
1.64411779e-05
1.68158998e-05
1.04156303e-05
1.17287402e-05
9.46924982e-06
3.45813384e-05
3.48709852e-05
4.87982065e-05
1.31915402e-04
2.25168583e-05
2.74140281e-05
6.10057292e-05
1.94624989e-05
3.97468613e-05
6.72154783e-05
7.71766362e-05
9.30410319e-05
8.09479319e-05
5.12133935e-05
2.30172123e-05
4.44985921e-05
2.41915361e-05
1.13617088e-05
8.59365089e-06
3.98067111e-05
7.96274591e-05
1.89999708e-04
8.94764694e-05
5.93354273e-05
2.43575119e-05
4.87299095e-05
5.20328215e-05
4.93445153e-05
5.60784582e-05
1.07616041e-04
1.19125529e-04
6.36895363e-05
2.82413990e-05
1.91384688e-05
1.48754242e-05
1.38760999e-05
1.70600864e-05
4.91604854e-05
9.91001359e-05
5.86575075e-05
2.48226810e-05
2.86364604e-05
6.09280702e-05
4.56533798e-05
4.82050796e-05
1.43788480e-04
7.88820900e-05
2.25591540e-04
5.08213665e-04
3.04732706e-04
7.89519001e-04
5.08035202e-04
2.53050075e-04
6.57727467e-05
6.64164810e-05
1.28094978e-04
3.91408010e-05
6.57905298e-05
1.92818654e-04
1.21230276e-04
1.31473160e-04
3.03318567e-05
6.44302601e-05
2.65035945e-05
8.91496977e-05
9.14537421e-05
1.40067025e-04
5.25829213e-05
6.54831936e-05
7.24744353e-05
6.28731496e-05
1.42596280e-04
1.63246314e-04
1.71570530e-04
8.41235053e-05
2.78877154e-04
3.07128177e-04
1.12048066e-04
1.51473532e-04
1.67405845e-04
3.23186340e-05
5.52222942e-05
8.61904022e-05
5.40716827e-05
4.94008870e-05
2.00221722e-04
1.32904614e-04
1.74009053e-04
8.14671667e-05
1.08988380e-04
1.34064380e-04
1.16987738e-04
5.42168400e-05
5.49323214e-05
5.54979835e-05
2.29189434e-04
2.08247922e-04
1.57766592e-04
5.57331757e-05
4.22546630e-05
3.81797621e-05
4.50773327e-05
4.49420545e-05
6.22442746e-05
9.09518350e-05
5.48262237e-05
6.90738912e-05
5.23275431e-05
9.66527646e-06
2.41687478e-05
5.83899199e-05
2.12708113e-04
1.40575354e-04
1.12666927e-04
5.89362097e-05
2.64457293e-05
3.98607454e-05
2.81205004e-05
1.66030315e-05
7.62053832e-06
1.17192463e-05
4.63660474e-05
3.00259775e-05
1.47411458e-05
1.71455359e-04
5.67360591e-05
3.60070235e-05
8.43141083e-06
1.41207626e-05
3.13643619e-05
4.99514532e-05
3.39872142e-05
1.13492754e-04
9.03593395e-05
9.61319885e-05
2.79744082e-04
6.49049742e-05
5.95414085e-05
1.71167160e-04
9.89146672e-05
2.98353163e-04
1.42131315e-04
2.54035885e-04
3.50780239e-04
4.66357471e-04
2.46391715e-04
2.10993677e-04
1.55638224e-04
8.63468635e-05
8.94050914e-05
6.24150301e-05
5.54259983e-05
3.71847598e-05
2.62569904e-05
3.03477333e-05
2.90538169e-05
1.16162166e-05
3.85218920e-05
2.96296871e-05
5.62280305e-05
5.01696072e-05
3.62806450e-05
8.49357090e-05
1.55020303e-04
5.06872016e-04
3.46165021e-04
9.29805726e-04
3.89126167e-04
1.11285174e-04
2.47380037e-04
3.76655111e-05
3.58671011e-05
6.78362239e-05
2.50670647e-05
2.27297649e-05
3.14855786e-05
1.75129507e-05
1.25143992e-05
8.05777432e-06
1.20111862e-05
5.43311270e-06
1.38208905e-05
3.05718471e-05
5.02963301e-05
2.42973892e-04
9.55349074e-05
1.15783065e-04
1.76930338e-04
1.87699482e-04
2.68579175e-04
1.23430549e-04
1.55552335e-04
3.47698898e-05
2.27871428e-04
1.70977327e-04
2.28052153e-04
7.84084742e-05
7.63524111e-05
6.24487331e-05
4.61279022e-05
1.06117309e-05
9.06972434e-06
4.34783575e-06
4.45111113e-06
2.58770998e-05
1.03373159e-05
4.02467538e-05
8.31468914e-05
6.21839777e-05
3.21001474e-05
4.30111026e-05
2.25500211e-05
1.08467893e-05
2.78948006e-05
7.06805779e-05
3.14725140e-05
5.94369394e-05
4.97099872e-05
6.54535267e-05
5.32362434e-05
2.47782512e-05
9.87578717e-05
1.13047412e-04
6.85850193e-05
3.62452433e-04
8.80437543e-05
1.36631224e-04
7.20834890e-05
4.51996246e-05
1.74405423e-05
1.87906835e-05
2.19667532e-05
1.79174017e-05
9.45347944e-06
7.00487375e-05
4.83545334e-05
2.19083475e-04
5.17122874e-04
3.03969869e-04
5.18467919e-04
6.18113690e-04
1.81688494e-04
8.73943561e-05
5.63622135e-05
8.93799560e-05
5.39830908e-05
1.98027814e-05
2.00066414e-05
1.42889446e-05
2.92503161e-05
1.94155744e-05
1.46986381e-05
4.06033420e-05
2.89773566e-05
1.26359941e-04
8.00069312e-05
8.52698231e-05
4.46834344e-05
4.27726018e-05
3.12835196e-05
1.33347944e-05
2.68189235e-05
6.34583748e-05
1.66772112e-04
1.34344096e-04
5.15131740e-05
5.64790018e-05
2.77585016e-04
3.30039456e-04
2.14763927e-04
1.74387453e-04
1.29930404e-04
5.95965946e-05
2.69383069e-05
3.26580850e-05
1.41503793e-05
2.14973124e-05
2.90759739e-05
2.76354234e-05
1.66071657e-04
1.36389515e-04
1.13741166e-04
3.95151029e-05
3.24567618e-05
7.41784370e-05
3.29764867e-05
2.47520792e-05
9.34871032e-06
3.40377904e-05
1.18327362e-04
1.01639174e-04
1.01760086e-04
6.70712590e-05
7.50638032e-05
1.86281896e-05
2.15388156e-05
4.00278595e-05
5.04115816e-05
6.73136258e-05
5.24439652e-05
1.40801104e-04
2.13671671e-04
6.52788460e-05
6.12512012e-05
1.04538678e-04
9.14614000e-05
1.66105801e-04
5.60132147e-05
4.03549748e-04
2.08903040e-04
1.66431818e-04
1.40494047e-04
8.89099882e-05
3.68179628e-05
2.68353402e-05
4.90123988e-05
7.36513962e-05
8.82030893e-05
1.05251252e-04
6.41662628e-05
8.46164404e-05
3.40674923e-05
3.37047792e-05
2.57751224e-04
6.91665278e-05
7.88752376e-05
1.21310038e-05
3.57415507e-05
8.63401479e-05
5.04288974e-05
2.90992273e-05
2.60070268e-05
7.23403433e-06
5.26347734e-06
7.09480495e-06
4.28458267e-06
1.51063663e-06
1.19034048e-05
1.74850439e-05
4.11340869e-05
2.54741150e-05
7.44133143e-05
1.80023021e-05
4.99344896e-05
3.02408502e-05
4.20029014e-05
4.31868597e-05
8.79508575e-05
1.28748066e-04
2.68866862e-04
1.01886947e-04
5.22658113e-05
5.87119863e-05
1.50325394e-04
1.42150612e-04
1.99580119e-04
4.62551307e-05
4.23166331e-05
6.72269930e-05
8.93826535e-05
1.09047843e-04
9.85517813e-05
1.01761872e-04
1.91401559e-04
8.87332084e-05
2.31879252e-05
7.85566865e-06
1.93980849e-05
4.27574657e-05
4.16903954e-05
6.91738217e-05
3.10785434e-05
1.27828894e-05
2.99647694e-05
1.54300851e-05
1.66088750e-05
2.70029037e-05
2.74348397e-05
1.48777547e-05
7.52567487e-06
1.08487688e-06
3.00615502e-06
1.43858196e-05
6.97402354e-05
1.03500515e-04
2.10764213e-04
5.01634373e-05
1.57601366e-05
3.79865684e-05
1.39570206e-05
9.23041956e-06
1.74265952e-05
8.28076370e-06
1.41089843e-05
4.18273881e-05
4.27741327e-05
8.88306259e-05
2.06813831e-04
1.37071030e-04
1.28021580e-04
9.69895429e-05
9.27061275e-05
1.12815922e-04
1.93517710e-04
2.39028605e-04
5.57476779e-04
2.40338078e-04
5.16207014e-04
4.11240259e-05
3.76737063e-05
4.56564524e-05
8.39915554e-05
5.08033492e-05
4.86604834e-05
4.88067935e-05
3.08221305e-05
5.70892568e-05
2.76814436e-05
7.23123878e-05
2.97793703e-05
7.37780397e-05
6.45985802e-05
5.29589724e-05
5.96500958e-05
5.51719934e-05
3.95057112e-05
4.96317998e-05
1.04343494e-04
5.27681110e-05
4.64850783e-05
4.49807472e-05
5.52796049e-05
5.82734081e-05
4.40814025e-05
8.83309105e-05
7.61138984e-05
3.31490684e-05
2.71960672e-05
1.55529532e-05
5.69761116e-05
8.37832841e-05
3.07840337e-04
1.42574393e-04
1.66405241e-04
2.90449454e-04
1.30824479e-04
1.00688269e-04
2.94934657e-05
1.69857314e-05
3.01526473e-05
4.37094028e-05
2.75334737e-05
3.25521661e-05
5.41515686e-05
6.16983039e-05
1.73775096e-05
1.28886755e-04
7.94856630e-05
2.73243915e-05
5.64488447e-05
5.28554385e-05
4.85627560e-05
5.20794917e-05
1.41784514e-04
1.53380670e-04
6.29106274e-05
4.87055616e-05
7.04214607e-05
8.85396431e-05
1.48607746e-04
1.20120128e-04
3.69813856e-05
6.97939109e-05
1.33053232e-04
2.63588371e-04
1.38548735e-03
3.16708945e-04
3.80027710e-04
2.37261771e-04
1.54055286e-04
2.40897736e-04
2.19769613e-04
1.70982266e-04
3.61190433e-05
1.94641434e-05
1.35950245e-05
2.55366457e-05
9.89970521e-06
9.04047261e-06
2.10630618e-05
3.88367558e-05
1.07554957e-05
1.60846056e-05
2.44443989e-05
1.80933371e-05
3.67609112e-05
3.99097380e-05
2.32290505e-05
3.46354147e-05
4.33517717e-05
2.05371183e-05
6.90220394e-05
3.62283952e-05
4.58188271e-05
1.46173343e-04
2.70190737e-04
1.22946275e-04
1.57810230e-04
1.17729592e-04
1.07836201e-04
1.55056394e-04
3.18364676e-04
6.78704287e-05
6.13743574e-05
7.23188169e-05
8.19329416e-05
3.29018727e-05
2.50327765e-05
1.81914706e-05
7.06571806e-06
1.28598970e-05
4.62476902e-05
7.09913527e-05
3.58179122e-05
6.94497120e-05
6.03381047e-05
4.37300502e-05
5.82105719e-05
1.65381159e-04
6.91403985e-05
2.90544758e-05
8.79486353e-05
4.03818732e-05
1.81455426e-05
8.61269092e-05
1.52319262e-04
1.47385830e-04
4.54829558e-05
2.49392430e-04
2.69736527e-04
1.09964553e-04
1.81864467e-04
6.69270318e-05
3.06270174e-04
3.75134886e-04
1.44483089e-04
9.48399299e-05
9.04528581e-05
1.36559607e-04
3.84383796e-05
4.80783609e-05
4.57197622e-04
5.30986669e-04
4.93914415e-05
1.08209832e-04
1.01381581e-04
1.21411698e-04
2.62424583e-04
4.53346501e-04
1.05030788e-03
2.18537723e-04
1.41733724e-04
8.45898315e-05
1.08301976e-04
2.58549256e-04
1.03775629e-04
1.74498458e-04
4.45245032e-04
4.49165079e-04
2.93292501e-04
1.76549897e-04
3.90303853e-05
3.09748455e-05
6.05254277e-05
1.57694459e-04
3.16345055e-05
3.03394258e-05
2.22504565e-05
8.94967970e-06
1.12161332e-05
3.95492811e-05
2.89124078e-05
3.37582698e-05
1.41567639e-05
4.47762791e-05
1.75326903e-04
4.07448420e-04
1.73190431e-04
6.35036651e-05
5.72576761e-05
5.08084983e-05
5.07777974e-05
4.91604572e-05
3.64378090e-05
9.58824049e-06
2.40852135e-05
4.39460635e-05
1.75741117e-05
2.12265780e-05
2.97583936e-05
2.66462252e-05
2.81755619e-05
1.36727789e-05
3.08916405e-05
3.66723206e-05
3.28143939e-05
1.28776976e-04
3.41892971e-04
1.28934921e-04
4.59227287e-05
4.56177722e-05
3.47170980e-05
2.72032489e-05
4.97318292e-05
8.77248665e-05
8.73796926e-05
1.91282828e-04
1.27292183e-04
6.80219542e-05
4.66617365e-05
4.00136134e-05
3.43426644e-05
2.98898126e-05
1.19677477e-04
1.35796255e-04
1.41181365e-04
3.34965527e-04
1.18865655e-04
1.77346350e-04
1.61325070e-04
4.64473799e-05
6.82283052e-05
8.43385765e-05
1.27968092e-04
1.42520818e-04
1.48236984e-04
3.73998923e-05
2.36974092e-05
2.03711349e-05
1.14905780e-05
2.46176737e-05
9.18278239e-05
1.36892327e-04
1.89027260e-04
6.56665301e-05
1.05080957e-04
9.62202235e-05
6.11299803e-05
1.06105205e-04
7.25922347e-05
5.78118916e-05
1.07116707e-04
1.17900923e-04
1.35335485e-04
4.27143213e-05
1.64620725e-05
4.26917726e-05
4.29879681e-05
1.83860735e-05
9.24108309e-06
6.00295453e-06
4.29094888e-06
6.65856722e-06
9.20479092e-06
3.69435589e-06
1.17966014e-05
1.35592353e-05
1.78700588e-05
3.56175203e-05
1.69720699e-05
2.39086157e-05
7.66284120e-05
1.64994269e-04
1.04835716e-04
2.91357617e-04
6.54818883e-05
7.15999326e-05
3.76810736e-05
5.67008952e-05
1.51787201e-05
1.04413338e-05
1.28044983e-05
1.44732198e-05
6.00711208e-05
2.08079152e-05
2.15361178e-05
1.65716448e-05
2.81753554e-05
2.89341757e-05
3.20125584e-05
3.95502488e-05
6.36195349e-05
6.64907503e-05
4.23859632e-05
4.32234740e-04
2.14155466e-04
3.96881185e-04
1.48235821e-04
4.16948583e-05
2.48013431e-05
3.66355484e-05
1.00194725e-04
1.88344936e-05
1.01752305e-05
1.76783142e-05
6.30321813e-05
1.55348036e-04
6.63842789e-05
1.06859019e-04
1.44294202e-04
5.76416619e-04
2.09406263e-04
1.18266735e-04
2.74123001e-05
4.58828527e-05
1.12320425e-04
3.11026003e-05
2.32386906e-05
1.05127387e-04
2.94226275e-04
1.57477829e-04
2.84374779e-04
6.76058054e-05
6.14611352e-05
1.30202717e-04
8.47046647e-05
1.71903700e-05
1.50510005e-05
1.06854544e-05
2.58689458e-05
3.28575114e-05
9.69487800e-05
3.67215729e-05
1.99167607e-05
2.98391828e-05
3.17501753e-05
1.21889629e-05
2.51713002e-05
1.36763270e-05
4.35668928e-05
2.18005131e-05
1.81593855e-05
4.72028852e-05
4.90303970e-05
3.57324303e-05
1.14734431e-05
2.41776948e-05
2.29342190e-05
2.09701599e-05
1.31097973e-05
7.97960512e-06
8.32148522e-06
1.48737505e-05
3.41077854e-05
3.13147954e-05
7.24232675e-05
9.76163678e-05
4.20284890e-05
7.41374115e-05
1.45383817e-04
3.84492585e-05
4.54348425e-05
6.39450834e-05
6.58793486e-05
3.34289007e-05
1.00899248e-04
2.70424976e-05
6.33051126e-05
7.53440680e-05
6.90921309e-05
5.80102695e-05
6.49367467e-05
7.48442699e-05
4.64875249e-05
4.88719466e-05
9.91396807e-05
1.15934266e-05
5.50340387e-05
1.17230919e-05
1.74040197e-05
1.02491030e-05
1.08781392e-05
7.41942812e-06
1.41775750e-05
9.45027978e-06
4.67134763e-06
2.06410322e-05
4.19779777e-05
6.72542958e-05
2.23998828e-04
1.21086373e-04
1.38248557e-04
9.48418317e-05
1.79110918e-05
4.41868444e-05
4.75552562e-05
4.60725328e-05
1.17927571e-05
1.76312648e-06
9.51698594e-06
2.93898108e-05
5.23310353e-05
1.23429228e-04
5.20668864e-05
7.09346221e-05
8.35426292e-05
4.03528349e-05
1.75138342e-05
6.03482897e-05
7.26893004e-05
7.45134428e-05
5.22913981e-05
2.42548121e-05
6.70419866e-05
4.66579080e-05
4.97541751e-05
1.21816187e-04
3.61948347e-05
2.00865441e-05
4.37691868e-05
2.77330213e-05
4.73679110e-05
8.65768718e-05
6.79739787e-05
5.46543876e-05
1.95401233e-05
2.84604932e-05
4.08613416e-05
4.20180176e-05
2.86255657e-05
3.66155022e-05
4.53521350e-05
4.18472353e-05
3.88654260e-05
5.97019641e-06
2.43558488e-05
2.12027512e-05
1.52310408e-05
1.83065634e-05
2.88092740e-05
4.64414213e-05
7.09732551e-05
3.11392357e-05
7.28893125e-05
6.85019740e-05
7.41451448e-05
8.60744437e-05
1.00199009e-04
1.40223152e-04
3.03865576e-04
5.43383859e-05
7.17176161e-05
6.92436515e-05
8.20570206e-05
2.30817612e-05
9.97319123e-05
3.33299035e-05
1.00110359e-04
6.50225741e-05
6.17919995e-05
4.10710145e-04
5.60686444e-05
3.92700999e-05
3.79173921e-05
6.50054365e-05
5.99577614e-05
2.55467252e-04
1.64174727e-04
6.32198257e-05
3.98430599e-05
1.55285215e-04
3.66365420e-05
5.24837027e-05
3.85926504e-05
1.21450489e-04
1.46194560e-04
1.00971222e-04
1.42779307e-04
3.65517082e-05
1.53203488e-05
1.93205663e-05
1.07771129e-05
1.10933337e-05
1.47190580e-05
4.88880514e-05
6.24178564e-05
9.32919563e-05
2.92625400e-05
4.11712857e-05
9.98821121e-05
8.98453765e-05
1.98930772e-05
1.40657718e-05
5.87501559e-06
1.91511734e-05
2.58889176e-05
7.62935933e-05
8.09500633e-05
9.86830676e-05
6.61394459e-05
8.08360582e-05
1.40376954e-04
1.95363394e-04
1.19894801e-04
3.71319710e-05
4.50468710e-05
7.23534863e-05
9.58184784e-05
3.06762082e-04
6.68080057e-05
2.48414452e-05
1.36344563e-05
1.25849820e-05
1.03172511e-04
1.35225995e-04
4.50380310e-05
8.17519020e-05
4.35895601e-05
2.63709336e-05
9.84096999e-05
1.01656871e-04
6.73040943e-05
2.13700798e-04
5.54000324e-05
2.40557481e-05
1.01221367e-04
3.75117301e-05
3.98158615e-05
1.41180368e-05
7.30958446e-05
1.67894930e-05
1.57039217e-05
2.61044002e-05
3.32298875e-05
1.10630620e-05
2.00913805e-05
1.56797939e-05
6.72995199e-05
8.78202561e-05
6.56118931e-05
7.91197250e-05
3.78000399e-05
1.09296339e-04
9.48180015e-05
1.39259264e-04
1.63943210e-04
1.40051043e-04
8.20254032e-05
5.56341284e-05
3.68707848e-05
1.43126945e-05
1.22741033e-05
1.31889523e-05
2.12684356e-05
8.07237156e-06
4.60032988e-05
6.51559658e-05
3.34839984e-05
1.06664504e-04
1.66616194e-04
3.97839930e-04
1.53500374e-04
3.96844914e-05
5.96257658e-05
4.60223055e-05
5.28609194e-05
5.82313672e-05
1.04836922e-04
3.48219476e-04
3.26070325e-04
3.41359059e-04
1.77170085e-04
1.80334876e-04
6.25692851e-05
4.09140691e-05
1.47205401e-04
1.31818553e-04
1.17471555e-04
1.16376091e-04
7.59122120e-05
2.83023803e-05
2.83283974e-05
7.38797706e-06
1.55222591e-05
1.21766433e-05
1.56499009e-05
2.43934802e-05
4.28657975e-05
7.31770783e-05
1.68155310e-04
7.56404881e-05
4.96009391e-05
3.05498588e-05
4.91223731e-05
1.17797090e-04
5.88684789e-05
5.69896560e-05
2.84426150e-05
2.09255464e-05
1.35988148e-05
3.02287059e-06
3.34598415e-06
4.42123115e-06
1.31576684e-05
2.70326559e-05
6.01262144e-05
4.41463392e-05
1.35675290e-04
6.71734658e-05
4.64778325e-05
4.16259112e-05
2.41987963e-05
1.16202551e-04
2.17190928e-04
9.86520824e-05
7.08904253e-05
1.64439800e-04
5.41176002e-05
5.73528436e-05
2.04229519e-04
9.99817987e-05
7.18081889e-05
4.36121180e-05
2.24312803e-05
5.81843372e-05
5.61273292e-05
1.26038010e-04
1.16597770e-04
3.13967890e-05
1.30131544e-05
7.49231089e-06
6.83562217e-06
3.38562904e-06
8.72025089e-06
2.15597925e-05
1.32830874e-05
7.79790760e-06
4.55224277e-06
2.25621242e-06
3.08033873e-06
3.76161741e-06
1.08571066e-05
3.61564713e-05
2.05262864e-05
3.81421126e-05
3.01172101e-05
4.10883422e-05
4.72269798e-05
5.58729426e-05
2.48219821e-05
1.31626911e-05
3.90302605e-05
3.36520533e-05
2.00326291e-05
2.24181455e-05
2.84722537e-05
1.34328510e-05
4.92669761e-06
3.41034112e-05
9.64744671e-05
3.40627896e-05
3.94771937e-05
2.89877658e-05
2.75578806e-05
8.44313408e-05
9.09648579e-05
1.89271277e-04
2.08846588e-04
3.74326878e-04
7.71402476e-05
3.15498332e-05
8.59442464e-05
3.00869155e-05
1.64700394e-05
6.77215796e-05
5.38277154e-05
7.67921742e-05
1.00012532e-04
4.04214139e-05
6.47662055e-05
7.57360418e-05
8.04496681e-05
6.81268186e-05
7.20079211e-05
2.69517738e-05
7.29876866e-05
1.18578116e-04
5.44205299e-05
3.53167203e-05
1.80188261e-05
2.45936734e-05
4.31526968e-05
7.06660523e-05
2.77458447e-05
1.26209395e-05
1.93021461e-05
2.45427429e-05
3.82490495e-05
3.42895546e-05
2.40956065e-05
1.85825699e-05
2.73033700e-05
2.35230906e-05
3.44019356e-05
5.18192333e-05
9.95045970e-06
9.54324539e-06
3.06482791e-06
7.12308359e-06
3.82511760e-05
1.37988474e-05
3.53955367e-05
8.98413528e-06
1.74153546e-05
5.07878538e-05
4.68775571e-05
1.89534283e-05
5.78449894e-05
2.32734969e-05
1.55566080e-05
9.25140280e-06
2.62902938e-05
5.55910565e-05
3.75757691e-05
1.57222835e-05
1.56815771e-05
1.88010781e-05
1.89612294e-05
3.36042633e-05
8.00633802e-05
3.96144393e-05
2.01158206e-04
3.83644086e-04
4.41515460e-04
3.36907475e-04
3.24713167e-04
1.53487253e-04
6.81872126e-05
6.89100799e-05
7.62330184e-05
1.24486685e-04
7.92854250e-05
3.20489892e-05
1.83292594e-05
5.57579394e-05
6.43179547e-05
3.36593946e-05
7.01705917e-05
5.75381731e-05
2.98027288e-05
1.25631790e-05
4.34528268e-06
5.47394678e-06
4.24044906e-06
6.47054288e-06
3.91687389e-06
1.25035981e-05
1.01328018e-04
8.50172768e-05
1.31538633e-04
4.98327601e-05
5.31338213e-05
2.43686752e-05
3.19758324e-05
4.69620539e-05
1.86423158e-05
6.76367947e-05
3.07514167e-05
3.95147324e-05
3.49933650e-05
1.28698376e-05
3.96378470e-05
6.23689828e-05
1.11466370e-04
2.37389017e-05
2.11533839e-05
2.77361585e-05
1.41943547e-05
1.75207428e-05
3.86722811e-05
6.32604038e-05
2.77907843e-05
5.75007837e-05
3.39012971e-05
1.28125521e-05
2.36930529e-05
4.07370600e-05
2.51514416e-05
1.30121366e-05
2.26965605e-05
1.56932119e-05
3.07358099e-05
2.48499942e-05
1.29827561e-04
4.90039881e-05
5.32756268e-05
2.75637165e-05
2.38604967e-05
1.00732655e-05
4.62654618e-05
8.97070510e-05
6.79513651e-05
7.72142624e-05
2.85148880e-05
9.84329520e-05
9.03926029e-05
1.24686252e-04
2.56756354e-04
6.08032046e-04
3.19390410e-04
4.13105640e-05
6.24325982e-05
3.31542444e-05
1.25302244e-05
2.38264571e-05
2.48749386e-05
5.58026091e-05
5.01588070e-05
6.50188491e-05
7.30226146e-05
6.82154024e-05
9.05231592e-05
1.40197876e-04
3.10679426e-04
1.53168637e-04
2.67806895e-04
1.94578400e-04
2.42602045e-04
8.47424483e-05
9.11175959e-05
8.23567452e-05
7.41579318e-05
4.27296126e-05
3.14200332e-04
9.78022721e-05
4.86490185e-05
1.66805525e-04
1.18080527e-04
4.15680264e-05
3.03272326e-05
3.04685159e-05
1.14310000e-05
9.80136234e-06
4.42803375e-06
5.36015739e-06
7.61685454e-06
1.01559523e-05
3.86832414e-05
3.13245981e-05
2.89141978e-05
2.20130531e-05
7.71514152e-05
2.58147539e-05
5.32531671e-06
8.72764366e-06
1.82992330e-05
6.40893874e-05
5.24223560e-05
2.74428594e-05
1.05254352e-05
4.95885750e-05
7.52481099e-05
9.70686399e-05
1.15917052e-04
5.49194917e-05
3.28279197e-05
3.84640230e-05
6.73197351e-05
4.77376520e-05
3.43739505e-05
3.31786927e-05
3.93769673e-05
3.02407553e-05
3.64106590e-05
2.10702709e-05
3.62518903e-05
2.28465971e-05
2.34491122e-05
1.02576474e-04
2.22288857e-04
2.59729673e-04
1.40884290e-04
3.61682549e-05
3.14647001e-05
9.63227682e-06
2.23787450e-05
6.73549785e-05
5.27684488e-05
1.05834070e-04
1.59385987e-04
1.85173355e-04
4.20612582e-05
6.98001225e-05
9.39005369e-05
1.96778412e-05
5.32632783e-05
1.09623902e-05
9.96716710e-06
1.30968815e-05
6.72524439e-06
4.74360840e-06
1.97322713e-05
5.09788949e-05
6.52185401e-05
7.71837561e-05
8.54756123e-05
7.55887595e-05
2.09592031e-04
1.13725853e-04
1.51720956e-04
9.85382220e-05
3.28231569e-05
4.04726777e-05
2.36391417e-05
2.57412989e-05
7.82762204e-05
3.23291713e-05
3.13128054e-05
3.61517907e-05
9.05131037e-05
9.63295826e-05
1.18435919e-04
8.19697700e-05
4.84817787e-05
8.18651009e-05
5.35333536e-05
6.22399538e-05
5.10147899e-05
7.28642105e-05
1.28229484e-04
1.36316458e-04
4.86805923e-05
5.86041974e-05
6.58466817e-05
1.98248156e-05
8.43309928e-05
1.89401329e-05
5.85957725e-05
5.54506248e-05
4.82067564e-05
1.38353225e-04
3.60323661e-04
1.88420646e-04
1.69322434e-04
7.47184487e-05
6.75834783e-05
1.88911629e-04
8.65395414e-05
3.25954110e-05
2.59237950e-05
8.73946927e-05
4.57140797e-05
1.24573922e-04
5.44717791e-05
4.58540828e-05
6.76422052e-05
2.36256823e-04
2.34185293e-04
2.27194856e-04
6.78384639e-05
2.19646704e-05
9.23875794e-05
3.64720721e-05
3.78152088e-05
4.32546963e-05
1.11763646e-04
1.69029404e-04
1.53245470e-04
1.30173309e-04
1.35441520e-04
1.17472124e-04
8.74642534e-05
3.40170794e-05
4.19000543e-05
2.71481823e-05
6.19515683e-05
1.12371838e-05
4.72757149e-06
2.37460107e-05
1.95021406e-05
1.97761860e-05
9.18127159e-05
4.49529959e-05
2.67667272e-05
2.11570161e-05
4.17028567e-05
3.00393431e-05
2.17865957e-05
5.03387510e-05
4.44560080e-05
4.28952477e-05
1.29456772e-05
1.92646313e-05
6.47708659e-05
2.22883529e-05
4.69032626e-05
9.78789598e-06
2.59862062e-05
4.93829881e-06
3.21541280e-06
1.63082679e-06
1.73300732e-05
2.37553109e-05
1.50091537e-05
1.52950927e-05
1.78344031e-05
7.51095177e-05
3.73878433e-05
6.46604485e-05
1.12127167e-04
5.40258160e-05
7.45097420e-05
1.10723028e-04
3.87115523e-05
2.90363248e-05
2.86442594e-05
7.48380796e-05
6.16964041e-05
3.33524038e-04
2.43165840e-04
1.52978750e-05
1.70944725e-05
1.82203441e-05
3.44151874e-05
1.21182242e-05
3.76997753e-06
1.41479118e-05
1.42998230e-05
1.84767528e-05
9.61398539e-05
2.48992313e-04
9.53146915e-05
3.69485404e-05
1.74290156e-05
8.95919133e-06
4.77985338e-06
1.11769658e-05
1.49564255e-05
3.21762847e-05
5.64213383e-05
1.79787233e-04
1.89927617e-04
7.86782919e-05
2.78650488e-05
5.76968156e-05
1.60057487e-05
6.42639888e-05
3.65162762e-05
4.56519857e-05
2.12834724e-05
3.03822481e-05
3.25727004e-05
2.49173894e-05
1.82757328e-05
4.76151723e-05
5.29091137e-05
6.21770214e-05
1.27544372e-04
7.85374922e-05
5.71100093e-05
5.26495003e-05
4.49940806e-05
