1.03211484e-05
1.00696076e-05
1.89189823e-05
1.82172979e-05
3.85619805e-05
5.31731030e-05
5.29794957e-05
7.90972563e-05
1.02482286e-04
5.79637299e-05
3.84335215e-05
1.23377843e-05
6.75296790e-05
8.17291036e-05
6.00923408e-05
4.10858208e-05
1.63931934e-05
2.76342961e-05
4.31917571e-05
7.17051186e-05
8.11470636e-05
3.17800888e-05
1.89088205e-05
1.09245180e-05
1.84824604e-05
1.63347551e-05
8.18083226e-05
1.03449203e-04
4.45609580e-05
8.70697324e-05
7.85002167e-05
3.30652360e-05
3.06064709e-05
3.00017865e-05
9.17288254e-06
2.31189528e-05
2.35821165e-05
1.62695931e-05
1.86173573e-05
1.29849881e-05
1.92669943e-05
8.67728560e-06
1.02443382e-05
1.01026004e-05
1.57263685e-05
1.44244420e-05
6.73487259e-06
1.93026384e-05
2.04963981e-05
1.73969526e-05
3.20620114e-05
2.16626077e-05
5.61695872e-05
7.29786282e-05
4.53045829e-05
1.97013424e-05
2.09293937e-05
2.25068851e-05
1.08091821e-04
1.86878572e-04
8.91386038e-05
3.47394871e-05
4.77512618e-05
6.32633207e-05
2.72015258e-05
4.04967077e-05
4.32697722e-05
1.03963673e-05
7.52876214e-06
2.25824794e-05
3.22508832e-05
5.84291216e-05
1.70797779e-05
1.02067433e-04
6.70282870e-05
1.25504484e-04
6.45092194e-05
1.02982785e-04
5.87761302e-05
4.20078733e-05
3.32063926e-05
1.73201393e-05
9.80556570e-06
3.16204427e-05
4.31964209e-05
2.99292166e-05
3.43074491e-05
7.32188113e-05
3.17243512e-05
1.52350015e-05
3.02260053e-05
6.72004276e-06
1.85476486e-06
2.62740287e-06
5.15578795e-06
7.95929426e-06
5.28688049e-06
5.93601201e-06
8.96625322e-06
6.63199206e-06
2.97345101e-05
8.67718385e-05
6.75112187e-05
1.04659801e-04
2.63937671e-05
1.27254543e-05
7.51893336e-06
8.27778307e-06
2.27458246e-05
1.11788983e-04
7.91150394e-05
7.30196640e-05
4.82237304e-05
4.49256354e-05
7.94194486e-05
2.37583893e-04
2.33716503e-04
2.57048451e-04
5.63036482e-04
4.80800234e-05
3.33237921e-05
9.87729013e-05
3.42197258e-05
5.37380655e-05
1.20781521e-04
6.27522039e-04
1.68394139e-04
3.92430056e-05
1.54084015e-05
2.85762604e-05
4.78664816e-05
1.13584109e-04
7.10048442e-05
1.17439928e-04
3.89684024e-05
3.19848203e-05
2.34571989e-05
3.13206045e-05
4.84611245e-05
3.76330291e-05
1.08284594e-05
2.27058521e-05
2.70804486e-05
1.65492539e-05
1.00712721e-05
1.27533653e-05
1.36636980e-05
3.34256514e-05
2.43695670e-05
1.28243669e-05
1.73675638e-05
2.49227747e-05
1.53010600e-05
5.22632139e-05
3.53498167e-05
2.64744748e-05
5.88743736e-05
3.95805914e-05
1.82626350e-04
1.32922295e-04
1.24349180e-04
4.60474332e-05
3.69078315e-05
8.46037572e-05
1.10197264e-05
6.28098883e-06
1.07122298e-05
3.77921260e-05
9.66109111e-05
3.59684198e-05
3.97644196e-05
4.04825461e-05
7.96602427e-05
8.65173564e-05
6.83402658e-05
7.51863393e-05
2.12177061e-05
2.31165734e-05
1.62888720e-05
3.24188106e-05
1.41851577e-05
2.34100688e-05
1.22399134e-05
4.25429962e-05
2.28895381e-05
3.71632436e-05
3.53711290e-05
3.06649835e-04
3.76509676e-04
7.16111682e-04
1.54903521e-04
7.60289424e-05
6.27696720e-05
1.24062542e-04
6.58655892e-05
7.38027296e-05
1.00305310e-04
4.52538527e-05
2.68309311e-04
7.87447073e-05
1.07689545e-04
1.26670974e-04
3.80759519e-05
3.77087295e-05
5.94294760e-05
8.80300406e-05
8.01952374e-05
4.18607830e-05
1.10408102e-04
5.07230178e-05
3.35645393e-05
9.34088388e-05
1.80843015e-04
1.32651387e-04
2.03673568e-05
1.74375549e-05
2.51528063e-05
5.55352391e-05
1.77952732e-04
1.03017053e-04
5.78886143e-05
1.76166475e-04
1.18931745e-04
9.93097550e-05
2.24948074e-04
1.46999864e-04
2.35754179e-04
9.42357784e-05
6.06124069e-05
1.97351653e-05
1.68087318e-05
7.73296298e-05
4.93082699e-05
1.39782802e-04
2.24815138e-04
1.03639825e-04
1.86016374e-04
4.31956051e-04
2.13513988e-04
7.44935488e-05
8.60241895e-05
7.16947132e-05
8.89016221e-05
1.07871612e-04
4.69209304e-05
2.64949075e-05
1.34968415e-05
3.69306459e-05
4.36417798e-05
9.20828518e-05
2.87273643e-05
8.95670396e-05
4.29681145e-05
8.55651682e-05
3.55898544e-05
1.59129618e-05
2.59651831e-05
2.62531445e-05
1.70594960e-05
1.68598852e-05
2.68947781e-05
3.33561179e-05
2.28239386e-05
9.73945355e-06
1.11660129e-05
2.59372992e-05
7.65434200e-05
2.69366050e-05
3.85416319e-05
1.51895434e-05
1.64739313e-05
1.48844282e-05
1.06317407e-05
8.68750439e-06
9.43191779e-06
9.41879162e-06
5.90948530e-06
3.41762721e-05
1.17039264e-05
1.08457243e-05
5.53038408e-05
4.70512692e-05
6.24612438e-05
4.02865264e-05
1.56709824e-05
9.21874173e-06
2.07175879e-05
2.22440952e-05
2.67438177e-05
3.60996749e-05
2.22140265e-05
1.02444309e-05
1.42323628e-04
1.75199207e-04
7.98222625e-05
5.42298108e-05
3.63818080e-05
7.12190558e-05
3.23872250e-05
2.28925523e-05
2.80045649e-05
1.72803290e-05
4.83020530e-05
1.13485174e-04
3.13916231e-04
9.83276613e-05
1.04762594e-04
7.94550028e-05
8.43022262e-05
7.79984728e-05
1.73613281e-05
2.28206903e-05
6.22817460e-05
1.65866163e-04
1.22159316e-04
1.18145273e-04
4.06223029e-05
3.55589767e-05
1.82588183e-05
1.52694806e-05
1.07256200e-05
2.09952669e-06
1.96077442e-05
1.28675749e-05
2.56429916e-05
1.46561943e-04
2.84539076e-04
3.02500914e-04
6.01849160e-05
1.91195561e-05
1.26992110e-05
1.12296979e-05
5.72692969e-05
9.11595801e-05
5.91371219e-05
1.02746385e-04
6.36349991e-05
4.01620424e-05
7.89821553e-05
3.39818146e-05
1.49667727e-05
1.66263440e-05
3.76653308e-05
3.06075056e-05
3.03903944e-05
1.03582426e-04
3.50542242e-04
2.70896917e-04
5.66519900e-05
6.04654829e-05
1.35318828e-04
1.12220936e-04
5.98020681e-05
3.09189765e-04
3.48805211e-04
2.77081314e-04
2.96591072e-04
2.63424192e-04
2.61064356e-04
3.86219950e-04
1.00590663e-04
1.44703260e-04
5.42620204e-05
3.07733396e-05
2.24335220e-05
2.32890541e-05
4.48709891e-05
3.93446873e-05
1.03891177e-04
1.34235349e-04
1.60072967e-04
2.40656826e-04
5.34144858e-05
9.73630506e-05
1.17276579e-04
2.02887002e-04
2.70503172e-04
8.35174106e-05
9.11514089e-05
4.46510822e-04
6.51956242e-04
1.03082202e-04
7.67400581e-05
1.10886053e-04
1.84722582e-04
1.15074546e-04
1.04938882e-04
1.77038307e-04
4.47265296e-05
7.59951025e-05
8.85123509e-05
4.35950684e-05
3.27413584e-05
4.60747689e-05
3.89308610e-05
1.91515605e-05
2.64833275e-05
1.90007897e-05
2.31572956e-05
4.56256244e-05
1.96131215e-04
4.55699324e-05
1.00893411e-05
6.59579214e-05
2.70548316e-05
8.94531338e-06
2.38758347e-05
3.58846778e-05
5.07702519e-05
2.79123492e-05
7.16546379e-06
9.78001814e-06
3.44956354e-05
1.27783548e-05
9.37335412e-06
6.48018772e-06
7.70731401e-06
9.73991754e-06
6.26319176e-05
1.25791902e-04
7.17232345e-05
1.05952636e-04
1.23238076e-04
2.84091102e-04
1.55011214e-04
3.09308776e-04
2.29752103e-04
3.52175575e-04
7.89779296e-05
5.71670078e-05
3.19740419e-05
1.40251579e-05
1.77734406e-05
3.72683071e-05
2.76537510e-05
2.44523863e-05
4.97621521e-05
8.22304362e-05
8.63368765e-05
1.49065511e-04
1.66149250e-04
1.91127915e-05
1.92331038e-05
4.25016841e-05
5.51834548e-05
1.84240060e-04
1.42185676e-04
1.82111591e-04
3.19250783e-04
3.47069050e-04
1.15363567e-04
1.32046358e-04
2.69626114e-04
3.66203644e-05
7.15509373e-05
4.49807617e-05
5.11371968e-05
2.35759367e-05
6.12229785e-05
5.63117916e-05
5.66390466e-05
1.38315866e-04
8.37426156e-05
1.73310369e-04
6.30307645e-05
8.59539619e-05
8.65224337e-05
4.15523959e-05
8.95272188e-05
7.15094911e-05
6.86179505e-05
1.26082731e-04
2.00955638e-04
3.06527731e-05
1.50512355e-05
1.08220649e-05
1.28946353e-05
1.74869017e-05
1.54174423e-05
1.06480345e-05
4.09996219e-05
6.84577178e-05
1.03337814e-04
4.66025465e-05
1.59387361e-05
1.85596329e-05
7.20303525e-05
4.47439335e-05
2.58095774e-05
2.58445136e-05
5.46092147e-06
3.75492596e-05
6.05949857e-05
4.03181524e-05
2.05373885e-05
1.75626284e-05
3.13850301e-05
4.03383160e-05
4.19579023e-05
4.61204722e-05
2.25666239e-05
7.01807975e-05
1.17941041e-05
1.59148955e-05
2.69710069e-05
7.98975408e-05
3.72774078e-05
1.34833030e-05
3.71755150e-05
1.50454237e-05
1.05990357e-05
5.28503368e-05
3.89165707e-05
4.36455688e-05
2.66424222e-05
9.17399434e-05
2.91088527e-05
9.42747063e-05
7.40292476e-05
9.14962967e-05
8.19712939e-05
1.37205712e-05
3.28005759e-05
4.29123290e-05
2.37557483e-05
3.68342746e-05
1.88375856e-05
1.47900253e-05
5.06668194e-05
6.46150268e-05
3.75659925e-05
3.78797236e-05
5.05556863e-05
9.20560510e-05
4.41496240e-05
5.41408446e-05
5.02499663e-05
9.53057288e-05
6.40986000e-05
6.82581503e-05
1.62543718e-05
5.37825318e-05
3.60104572e-05
2.88780178e-05
3.47739027e-05
2.69727602e-05
3.16884790e-05
2.19898070e-05
3.82682765e-05
2.58796516e-05
3.07923500e-05
5.71304489e-05
1.39009726e-04
1.29394420e-04
1.44529985e-04
4.03922120e-05
7.32723388e-05
9.71951167e-05
4.02697721e-05
1.00519147e-04
8.84570320e-05
4.58634061e-05
3.14827131e-05
1.21634276e-04
2.62969536e-04
2.32842616e-04
1.08142047e-04
8.27045974e-05
7.05642005e-05
4.60522835e-05
2.80151783e-05
1.24538493e-04
1.38862472e-05
6.73444096e-05
1.70419791e-04
3.22446230e-05
2.75217950e-05
1.81155046e-05
6.37191403e-05
1.22306435e-05
1.46568710e-04
1.33712637e-04
1.00423466e-04
2.84452900e-05
8.75588543e-05
1.15887474e-05
7.11594261e-06
1.60310144e-05
4.17322389e-05
1.92858096e-05
2.72697802e-05
8.50889583e-05
4.99252106e-05
5.32990284e-05
4.18648265e-05
2.02697811e-05
2.05151952e-05
5.23461222e-05
2.52142743e-05
5.00885341e-05
3.04829483e-05
2.89222700e-05
7.79847505e-06
4.69801853e-05
1.01740263e-04
7.88877731e-05
6.68321517e-05
3.45797345e-05
4.33057593e-05
2.33383821e-05
3.21327632e-05
7.49619602e-06
4.52642922e-05
4.48964765e-05
3.74402093e-05
5.03774149e-05
8.24649340e-05
4.03205941e-05
9.36120748e-05
1.53479577e-04
8.51176470e-05
8.41603698e-05
9.59584733e-05
4.70533946e-05
5.21111662e-05
7.45959272e-05
5.06909981e-05
1.84017481e-05
2.40675871e-05
9.73662669e-05
9.76893332e-05
4.78306037e-05
9.50710382e-05
1.18713958e-04
1.87960169e-04
1.09921809e-04
5.95719412e-05
2.44513767e-05
3.61794721e-05
5.37388774e-05
4.07300596e-05
7.04472457e-06
1.53765506e-05
3.68899179e-05
2.25085413e-05
6.33820900e-05
2.56344141e-04
1.43282329e-04
1.39558280e-04
1.71699658e-04
3.50164709e-05
6.40405435e-05
7.53910546e-05
7.61405062e-05
1.42525714e-04
1.02341162e-04
1.07577765e-04
1.11731785e-04
1.34315937e-04
2.05465522e-04
2.80710438e-04
1.69256878e-04
1.76890669e-04
2.07300244e-04
8.89910892e-05
6.27003658e-05
6.28756917e-05
3.60316894e-05
8.40108231e-05
8.33500507e-05
7.39874803e-05
6.90244681e-05
3.81034796e-05
6.67307974e-05
2.46537817e-05
1.58210891e-05
4.08324180e-05
5.43868893e-05
3.67210170e-05
1.13803749e-04
6.72736906e-05
4.88623621e-05
1.42664358e-04
1.19187258e-04
1.11841980e-04
2.75423774e-05
1.24199483e-05
9.76025738e-05
1.54431851e-04
5.86173176e-04
4.27226853e-04
2.87184463e-04
3.55650598e-04
6.81170769e-05
8.95328163e-05
2.74903938e-04
4.55332929e-04
2.70195483e-04
1.00405369e-04
3.40794211e-05
1.28833507e-05
6.20428734e-06
2.38142493e-06
1.19434101e-05
4.10512942e-05
4.43856845e-05
3.77573139e-05
4.69734909e-05
4.56283185e-05
2.28350809e-05
1.19679799e-05
1.11886107e-05
3.44768806e-05
6.30927289e-05
5.97781941e-05
9.82819984e-05
3.09060070e-05
1.98241156e-05
4.49842783e-05
2.76879497e-05
1.88514949e-05
1.33417868e-05
3.93951618e-05
5.04050010e-05
4.01995014e-05
2.13372389e-05
4.59609970e-05
6.54311426e-05
1.20709797e-04
7.93625627e-05
8.54545497e-05
7.94402740e-05
3.30732489e-05
5.76377722e-05
2.15159347e-05
2.55629933e-05
1.33956097e-05
1.28728061e-05
2.64721058e-05
1.65276042e-05
1.26528207e-05
1.66413804e-05
2.13119717e-05
5.82519860e-05
2.08373188e-04
2.17355219e-04
3.13170787e-04
8.56560062e-05
2.38811362e-04
6.35464004e-05
2.92519786e-05
4.18617513e-05
4.07871198e-05
7.73398228e-05
5.81711391e-05
1.01610256e-04
1.05963689e-04
4.84499749e-05
5.95670636e-05
1.30717112e-05
1.18408817e-05
2.24918040e-05
7.14509002e-05
7.08691571e-05
1.60188636e-05
6.69234838e-05
5.65105702e-05
4.64779277e-05
2.42540493e-05
7.03814525e-06
5.52801385e-06
2.37920431e-05
7.56476129e-05
3.54346822e-05
4.44936616e-05
2.77643357e-05
4.07649223e-05
3.64698917e-05
1.70777872e-05
5.93587010e-06
8.55368813e-06
1.78531293e-05
5.47609368e-05
2.64144556e-05
9.54317270e-05
1.50824667e-04
1.51969003e-04
4.77736716e-04
1.24651477e-04
1.14440652e-04
5.70834864e-05
5.65143529e-05
5.52193020e-05
9.43407195e-05
1.11709947e-04
3.56929408e-05
2.37149773e-05
3.96412464e-05
6.71619145e-05
3.81429731e-05
4.95866453e-05
1.99172126e-05
2.15996759e-05
2.00423488e-05
3.03826788e-05
2.04976907e-05
2.73237053e-05
2.99278654e-05
3.63565783e-05
1.88417267e-04
8.20539810e-05
3.14249012e-05
2.35690579e-05
2.86546066e-05
1.26192547e-05
1.40642575e-05
1.54994274e-05
1.35055251e-05
1.56391852e-05
2.78290864e-05
3.62604148e-05
3.33922041e-05
3.14041588e-05
1.30471444e-04
9.83009399e-05
1.48349053e-04
1.75241585e-04
9.64741950e-05
1.46427445e-04
1.53346475e-04
1.37347116e-04
6.51791818e-05
1.05637232e-04
1.24614096e-04
4.26371016e-04
4.01021972e-04
2.39292121e-04
1.27436434e-04
1.68919007e-04
1.06746908e-04
2.06252422e-04
6.84787365e-05
8.07107051e-05
4.62050791e-05
6.86336269e-05
1.63878617e-04
1.04204805e-04
4.95269344e-05
6.84311336e-05
2.52587377e-04
9.41973550e-05
4.04918903e-05
3.34440683e-05
5.01149259e-05
5.15560639e-05
4.66281136e-05
1.21755199e-04
6.38323460e-05
8.53712179e-05
2.41260360e-05
1.77071337e-05
1.41421408e-05
2.01740856e-05
5.17454473e-05
1.59851473e-05
4.28685714e-05
2.24542036e-05
7.71901329e-05
1.59390374e-04
9.73005238e-05
8.70018231e-06
1.72255358e-05
2.08535960e-05
2.14684509e-05
6.98615002e-05
9.32375580e-05
1.71710155e-04
1.30106394e-04
2.90243390e-04
7.49459105e-05
4.55034847e-05
4.26399121e-05
7.39179773e-05
2.33893567e-05
7.58147138e-05
1.65660148e-04
7.42476453e-05
5.07166707e-05
4.17805354e-05
1.13463908e-04
1.06783396e-04
2.18193749e-04
9.40443195e-05
4.52906242e-04
1.48355326e-04
1.28709774e-04
4.70407110e-04
1.54544301e-04
3.72987407e-05
4.65189486e-05
3.43739892e-05
1.15297229e-05
3.01795543e-05
4.75587031e-05
2.22327011e-05
6.97430861e-05
2.75908903e-05
1.61052401e-05
7.52747938e-06
7.00581049e-06
2.59663280e-06
7.55907016e-05
5.78089811e-05
2.59697943e-05
4.22493014e-05
6.25591658e-06
1.62367062e-05
2.08703622e-05
2.51597255e-05
1.18498005e-04
2.69421678e-05
5.17443638e-05
6.15796581e-05
2.87871131e-04
3.06377612e-05
4.09903007e-05
5.33883711e-05
2.70030586e-05
2.25757441e-05
3.51392507e-05
2.31201891e-05
4.90636545e-05
8.44998176e-05
6.07949739e-05
1.46552266e-05
1.87147246e-05
2.40225615e-05
3.19601911e-05
5.10956877e-05
5.13042105e-05
3.57723938e-05
2.81616399e-05
1.91668125e-05
3.00449648e-05
2.34381470e-05
9.01141643e-06
1.10857058e-05
1.85103106e-05
7.82211673e-06
1.37813847e-05
4.73522213e-05
2.07577900e-05
3.20724834e-05
1.25774902e-05
4.53938836e-06
7.95336876e-06
8.69479714e-06
1.38475896e-05
2.64212975e-05
5.77092607e-05
1.46881648e-05
9.07681544e-06
1.39622597e-05
3.34987772e-05
2.16896371e-05
3.10213457e-05
1.93362173e-05
1.39358834e-05
9.55599503e-06
9.65372884e-05
6.55026794e-05
3.45787049e-05
3.79022234e-05
3.10968223e-05
6.47308006e-05
1.86796215e-05
7.40924042e-05
7.63649939e-05
8.84266450e-06
2.69931986e-05
5.17335516e-05
4.89884475e-05
1.22244238e-05
1.08644563e-04
7.19007099e-05
2.01412993e-04
1.36716510e-04
1.19170990e-04
1.79997877e-04
3.89595822e-04
1.74199264e-04
6.84924107e-05
3.10378392e-05
2.32734428e-05
3.60093904e-05
2.60056874e-05
5.43550190e-05
7.63501295e-05
2.02834558e-04
1.03435083e-04
7.22039365e-05
5.67096366e-05
2.65461310e-05
6.30967844e-05
7.38842055e-05
5.45693404e-05
1.29765269e-04
8.84023980e-05
1.32278662e-05
3.74818555e-05
2.26133694e-05
3.95684333e-05
5.39462782e-05
1.07448052e-05
4.58997357e-05
1.94956733e-05
4.32916103e-05
9.31668047e-05
1.60466830e-04
8.91645951e-05
8.63872719e-05
1.88193473e-04
9.84622842e-05
8.54496928e-05
4.94431684e-05
2.33896974e-05
1.31220806e-05
3.26919786e-05
4.85376400e-05
4.36599621e-05
2.05852400e-05
5.12393197e-05
3.11744474e-04
7.51453062e-05
4.13028885e-05
2.84620992e-05
4.39823457e-05
3.49870689e-05
2.28698281e-05
4.13134929e-05
8.37618906e-05
8.47718667e-05
1.72316396e-04
1.78100771e-05
4.67632001e-05
3.17735238e-05
4.14995429e-05
1.75438293e-04
1.22399123e-04
1.39633355e-04
9.83982455e-05
1.51780383e-04
1.75335142e-04
9.60665415e-05
9.93069953e-05
7.08109375e-05
1.96788850e-05
4.29119544e-05
5.43376355e-05
1.95280858e-05
1.36297995e-05
4.29167658e-05
4.98773540e-05
6.88206992e-05
7.96366781e-05
5.69429422e-05
5.03653984e-05
3.98302696e-05
5.88315382e-05
3.73918673e-05
1.15948835e-04
1.93978970e-04
1.39879019e-04
3.86333939e-05
5.97085531e-05
8.37771138e-05
1.23428180e-05
2.18699313e-05
4.92516645e-05
4.81962350e-05
3.40171484e-05
8.30719950e-05
1.13681398e-04
1.91290882e-04
9.34753287e-05
1.05558061e-04
7.43159161e-05
1.15010937e-04
1.31886878e-04
1.50822712e-04
1.07837791e-04
5.96000324e-05
7.73237644e-05
9.74458474e-05
4.96221224e-05
5.79826610e-05
7.14957933e-05
2.69731941e-05
1.36238063e-04
3.03614751e-05
3.35984726e-05
1.91941880e-05
1.86818665e-05
1.88759180e-05
1.30172467e-05
7.49212384e-06
6.49781272e-06
9.07583182e-06
1.94028486e-05
5.81257102e-05
2.62997668e-05
7.08060345e-05
1.09448858e-04
1.04226261e-04
5.40277682e-05
7.16595917e-05
8.54129384e-05
5.16328173e-05
1.82271905e-05
4.86352841e-05
8.90735150e-05
5.79414084e-05
6.08131242e-05
7.92559864e-05
4.12171570e-05
6.47762273e-05
4.08600476e-05
4.81502808e-05
4.01594006e-05
7.12098405e-05
4.19175055e-05
4.12258315e-05
5.01180811e-05
9.56814339e-05
8.98507039e-05
5.54229477e-05
3.97680522e-05
3.77042507e-05
8.27671987e-05
3.01013399e-04
3.62532008e-04
2.70947241e-04
2.77705404e-04
1.42794378e-04
1.60139389e-04
2.21969285e-04
1.34317693e-04
7.88362553e-05
7.99693798e-05
6.37812575e-05
5.26979609e-05
1.82256821e-04
8.69579421e-05
4.97269318e-04
5.64830335e-05
5.50607624e-05
5.93252362e-05
1.73322352e-04
1.07488172e-04
2.61539162e-05
3.71918421e-05
4.16201720e-05
1.74841962e-04
7.30041310e-05
9.79628526e-05
1.22633203e-04
3.17596547e-05
5.40038318e-05
1.02663611e-04
3.58808962e-05
6.98034979e-05
6.40770615e-05
1.60451848e-04
9.64934418e-05
2.48479445e-04
9.91760667e-05
1.28145067e-04
2.32097495e-04
9.76890970e-05
6.76238890e-05
6.33184316e-05
3.30802618e-05
3.11492845e-05
2.23160202e-05
5.35861725e-05
5.98033915e-05
1.01967693e-04
4.17447705e-04
1.46661199e-04
5.87850320e-05
7.03187350e-05
4.89434108e-05
4.03754866e-05
2.22263282e-05
3.59826209e-05
1.40472709e-04
1.05499220e-04
7.06922020e-05
2.72129943e-05
3.69383916e-05
9.27382469e-05
9.03404114e-05
5.80072595e-05
1.82543722e-05
1.56662188e-05
3.42613964e-05
1.27135290e-05
2.37699626e-05
1.71630981e-05
2.53315545e-05
3.33496365e-05
1.50271459e-04
3.40411304e-04
2.69706349e-04
5.08934789e-04
3.65050423e-04
4.51684657e-04
3.08459559e-04
9.29050240e-05
9.97671290e-05
1.41804363e-04
3.08595154e-04
3.29604144e-04
9.19697345e-05
4.48313694e-05
1.18646198e-05
1.74508982e-05
5.00689058e-06
2.36589888e-05
4.22476349e-05
2.41370290e-05
3.71256419e-05
8.01523913e-05
1.43635944e-05
4.94781835e-06
7.68217299e-06
1.30663403e-05
3.57823150e-05
1.79747282e-05
2.29671650e-05
1.63256081e-05
3.61915356e-05
7.59059772e-05
5.03571860e-05
1.49554067e-05
1.09079092e-05
2.29833684e-05
1.04614039e-05
9.32182951e-06
1.52815699e-05
1.11526867e-05
1.22696915e-05
1.81896605e-05
3.79334197e-05
1.16293611e-04
5.79308231e-05
1.25577488e-04
1.25680050e-04
3.65165863e-04
1.11998268e-04
4.07017142e-05
3.26594502e-05
3.83634332e-05
1.89767419e-05
9.87319773e-06
2.24595607e-05
3.73885544e-05
3.76292501e-05
1.25739275e-05
9.83728857e-06
4.43173632e-05
7.70881115e-05
2.22053812e-04
1.61787608e-04
2.71790655e-04
2.02386322e-04
2.03451972e-04
1.95313938e-04
1.73070471e-04
2.87750402e-04
1.98074949e-04
1.22870596e-04
1.96083956e-04
3.78062741e-04
2.04486889e-04
1.60424870e-04
7.90667794e-05
3.07947075e-05
4.09823204e-05
1.12252848e-05
2.27851748e-05
2.17457256e-05
2.83969133e-05
5.34150285e-05
7.32759997e-05
1.43835309e-04
4.20306904e-05
1.14656386e-05
6.26985055e-05
1.06383091e-04
8.31638955e-05
6.79327140e-05
2.31472347e-04
1.64259815e-04
2.36455493e-04
3.17192392e-04
2.78041995e-04
1.45151555e-04
3.38697939e-04
1.74627327e-04
1.00575225e-04
4.11295311e-05
6.96034273e-05
6.42853456e-05
2.19649518e-05
2.08166052e-05
7.87614998e-05
6.12746699e-05
2.41839471e-05
4.09165072e-05
3.18900157e-05
2.90039714e-05
4.39536977e-05
1.49321558e-04
2.63418892e-04
1.56213500e-04
8.61159945e-05
3.60555033e-05
9.92518152e-05
1.86552417e-04
3.32950442e-05
2.60043658e-05
2.47210604e-05
3.24324435e-05
2.28686033e-05
2.13159112e-05
4.68685729e-05
1.88989402e-05
1.41688458e-05
3.79444520e-05
1.79523574e-05
3.77231183e-05
3.00434831e-05
3.84982776e-05
1.22759419e-04
1.02009271e-04
5.65400465e-05
1.01786662e-04
1.43419895e-04
1.46564168e-04
1.99106043e-04
7.13202889e-05
9.48330687e-05
1.96986641e-05
1.66266026e-05
1.38367728e-05
1.57947720e-05
2.86244942e-05
1.82572945e-05
2.01591261e-05
1.19820723e-05
2.93051904e-05
3.06987444e-05
1.42863001e-05
2.27635743e-05
2.04771384e-05
1.19312960e-05
7.47914234e-06
1.15985361e-05
9.63186354e-06
8.87545524e-06
3.21953822e-05
1.34702682e-05
1.90332826e-05
6.64151037e-05
8.56791082e-05
3.60230514e-05
5.75255267e-06
1.30198472e-05
2.81151783e-05
6.09045883e-05
7.27522574e-04
2.17599182e-04
2.24416329e-04
2.61831864e-05
8.47310039e-05
7.62143149e-05
4.97676961e-05
2.74611561e-05
3.11678654e-05
1.22133741e-05
1.96017747e-05
2.58659253e-05
3.94259748e-05
3.23866529e-05
3.76703888e-05
4.25205783e-05
1.01011995e-04
2.44638558e-04
4.62642621e-05
1.93235145e-04
3.14372743e-04
1.58509211e-04
1.41286778e-04
2.36238556e-04
7.60381836e-05
3.89425718e-05
1.54455765e-04
1.17411437e-04
1.66925133e-04
5.89902336e-05
1.94051080e-04
7.67657345e-05
3.74645717e-05
3.59040429e-05
4.57927052e-05
4.62319436e-05
2.61382058e-05
1.00820344e-04
8.63421231e-05
9.84631850e-05
6.45940832e-05
8.64730495e-05
3.37755746e-05
2.22454634e-05
7.45832070e-06
7.32239621e-06
2.24305094e-06
7.01801614e-06
3.49942599e-05
2.01957758e-05
4.48406217e-05
1.30620645e-04
4.37805781e-05
2.44985634e-05
2.29752322e-05
4.97969008e-05
2.31054597e-05
1.98892035e-04
1.47522319e-04
2.12125712e-04
8.81385875e-05
1.45733264e-04
2.27724910e-04
5.61949679e-04
2.83736852e-04
8.13617188e-04
1.34096410e-04
3.22222419e-05
6.83108795e-05
2.96453531e-05
2.07538842e-05
7.82013065e-05
7.19706610e-05
1.84411236e-05
1.23395244e-05
9.71830055e-06
2.62126058e-05
1.67714269e-05
1.91074112e-05
3.36566757e-05
8.56235022e-05
9.50283735e-05
8.94986981e-05
3.77243706e-05
9.66398594e-05
2.29411123e-04
1.16748896e-04
7.75053443e-05
4.67529170e-05
2.17060711e-05
3.30663581e-05
2.77242253e-05
3.15565569e-05
2.49228701e-05
1.76820114e-05
1.22830470e-05
8.56809808e-06
1.56966911e-05
4.42056559e-05
2.39588552e-05
2.31571937e-05
2.98841818e-05
2.85454884e-05
2.91745968e-05
4.14556598e-05
6.31715733e-05
1.07892664e-04
8.41009164e-05
1.94977439e-04
1.25408529e-04
9.68847369e-05
4.65338493e-05
1.30569005e-05
1.62167758e-05
2.17811894e-05
1.81028980e-05
1.90124542e-05
1.22221919e-05
1.61861432e-05
