3.08870288e-04
1.51259483e-04
9.85422863e-05
7.99755354e-05
5.89862273e-05
2.63087210e-05
1.13524902e-04
8.88707803e-05
6.80428196e-05
2.76154501e-04
1.66640229e-04
2.38484393e-04
2.18359278e-04
8.86627423e-05
2.60003196e-04
7.90156405e-05
6.03613273e-05
2.11870402e-05
1.24050335e-05
2.47589199e-05
4.38973258e-05
5.12709069e-05
5.34349589e-05
1.95193311e-05
7.13848261e-05
2.26205510e-04
9.42179956e-05
3.25987483e-05
7.77120160e-05
1.99968955e-04
4.40240297e-04
3.33993622e-04
1.53779180e-04
2.83302387e-04
1.31617348e-04
1.61514929e-04
1.51316531e-04
1.50522399e-04
1.34974409e-04
1.46614725e-04
3.65867105e-04
5.48067390e-04
9.50185721e-05
1.17761280e-04
9.40469415e-05
1.84710710e-04
1.47669983e-04
2.29549328e-04
7.55251530e-05
5.71072655e-05
2.91873707e-05
6.39446345e-05
1.38846055e-04
3.92605191e-05
5.09786970e-05
1.87486583e-04
1.40320477e-04
4.92540869e-05
9.63731151e-05
6.66006033e-05
2.27462411e-04
1.06842500e-04
6.97308264e-05
1.14129117e-05
4.24418548e-05
3.37361723e-05
4.37544537e-05
2.81613758e-05
2.22893808e-05
6.86873159e-05
5.96016348e-05
4.81358412e-05
9.29015114e-05
5.24300366e-05
2.58991631e-05
3.43281120e-05
3.46292848e-05
1.11379882e-04
7.34545759e-05
6.43231135e-05
9.84854145e-05
5.79881500e-05
6.96506176e-05
5.37588082e-05
1.12381741e-04
1.09888780e-04
4.35809190e-05
2.64895092e-05
1.18637522e-05
2.95660053e-05
3.44724649e-05
9.80065061e-06
1.84376988e-05
1.43591059e-05
1.17275974e-05
3.34648561e-05
4.51098557e-05
3.92061624e-05
2.49170195e-05
5.44328591e-05
2.82007116e-05
1.67500596e-05
1.42281234e-05
1.42952981e-05
1.47409642e-05
2.67214199e-05
3.94984683e-05
4.74859656e-05
6.90653033e-05
3.39193850e-05
2.28039722e-05
1.90612078e-05
1.79494543e-05
2.08379222e-05
3.15926193e-05
1.71798403e-05
3.34150203e-05
1.27299771e-04
2.15387009e-05
4.49227879e-05
6.94128816e-05
8.32771776e-05
4.47435903e-05
4.97816241e-05
2.35658631e-04
6.90910882e-05
5.36295782e-04
3.60898052e-04
1.14689459e-04
3.75256236e-05
4.22280532e-05
9.69477603e-05
7.37884891e-05
1.62488042e-05
4.43028186e-05
6.71325850e-05
7.35251699e-05
7.26466191e-05
1.24214643e-04
5.12133613e-05
4.07762666e-05
5.50791727e-05
1.28670402e-04
1.15545591e-04
7.68557964e-05
2.87616593e-05
5.03701483e-05
4.40054029e-05
2.28251884e-05
5.64309006e-06
4.08397640e-06
2.94309818e-05
4.80747711e-05
8.30122338e-06
1.85936742e-05
2.33504907e-05
2.53405538e-05
4.85367809e-06
1.29702431e-05
1.16153089e-05
2.60037861e-05
4.26892702e-05
6.43913677e-05
1.68802201e-04
4.77360790e-05
3.60579082e-05
2.15202513e-05
4.49915405e-05
4.10628746e-05
1.10143274e-05
2.42872301e-05
2.36180402e-05
7.39783593e-05
1.13774220e-04
8.73532179e-05
9.91454691e-05
1.60881307e-04
3.89083598e-05
4.85185112e-05
1.75256325e-05
1.86047524e-05
4.01996391e-05
1.32502830e-04
1.79533701e-04
2.17259519e-04
1.42125245e-04
1.25312898e-04
5.97359193e-05
6.16899710e-05
9.98981906e-05
1.32073114e-04
1.38207678e-04
5.09466036e-05
2.09687374e-05
2.87321090e-05
2.62604197e-05
4.50970910e-05
2.26804405e-05
8.07353981e-06
8.10505994e-06
9.43272909e-06
7.80801094e-06
7.46539143e-06
4.85399448e-06
5.23582473e-06
4.25604416e-05
3.07962947e-05
4.16715641e-05
3.08502445e-05
7.61203680e-05
6.76641154e-05
3.18878136e-05
2.54018410e-05
1.50592307e-05
4.62500790e-05
9.39153743e-05
3.94401518e-05
2.69455399e-04
2.67751757e-04
1.35777648e-04
1.13281968e-04
2.39910678e-04
3.54353056e-04
9.26717151e-05
6.36616512e-05
1.48058941e-04
5.85882574e-05
1.50010067e-04
5.32534939e-05
8.01349206e-05
4.83959356e-05
1.09704003e-04
8.62451429e-05
4.13816252e-05
3.90422963e-05
3.99191555e-05
1.13598455e-04
1.61766141e-04
4.06871070e-04
1.22649947e-04
9.45012715e-05
5.05625998e-05
4.56718473e-05
7.41470117e-05
1.92659440e-05
1.63028737e-05
6.35968250e-05
1.02647604e-04
1.69069886e-04
1.47961513e-04
2.76589772e-05
1.71045180e-05
1.16851616e-05
2.04607500e-05
5.03133407e-05
3.21186827e-05
1.06350369e-05
1.32792499e-05
1.05901044e-05
5.23537664e-05
2.49626066e-05
3.14296475e-05
1.69711595e-05
5.73378197e-05
3.09103726e-05
3.84118470e-05
5.08376944e-05
4.78050902e-05
1.02175260e-05
1.10196793e-05
3.75972521e-05
5.82625278e-05
5.24196073e-05
2.17754626e-05
3.72980903e-05
1.30925046e-05
4.04447371e-05
7.42435356e-05
8.86355785e-05
4.74033312e-05
2.16991709e-05
1.65720919e-05
1.33652713e-05
7.31794537e-05
5.14425211e-05
9.13466920e-05
1.18406837e-04
8.84128319e-05
8.70549248e-05
1.02814962e-04
1.55346116e-04
9.75420295e-05
8.70723515e-05
7.32623856e-05
2.65986006e-05
1.50559928e-05
2.20175022e-05
3.84784935e-05
2.20405946e-05
7.14041658e-05
7.94342845e-05
4.40026918e-05
1.25336977e-04
2.57886140e-05
9.26286598e-06
1.55532971e-05
4.83039845e-06
2.95328018e-06
5.65295630e-06
6.63683427e-06
3.95866700e-05
3.63810894e-05
7.00320135e-05
4.20393284e-05
1.83943903e-04
6.33313112e-05
6.82041575e-05
1.34123252e-04
1.03560302e-04
4.88286310e-05
2.17954390e-05
1.16498022e-05
1.22379864e-05
1.14305957e-05
1.07009818e-05
1.64567139e-05
2.88214789e-05
7.69195800e-05
9.61251275e-05
1.10157790e-04
5.50118394e-05
1.76624261e-04
3.05701155e-05
1.76098283e-05
9.29038213e-06
1.58445779e-05
2.26251092e-05
4.66640088e-05
4.11140642e-05
3.89888470e-05
3.73537469e-05
3.54216691e-05
1.12253681e-04
7.20968214e-05
6.18325992e-05
7.33629289e-05
5.33326189e-05
3.39925431e-05
4.12534021e-05
9.76506970e-05
5.35568869e-05
1.25854174e-05
2.48719617e-05
2.97511146e-05
7.48230287e-05
4.26846701e-05
7.69994915e-05
1.39024413e-04
1.87948310e-04
9.90393149e-05
1.58684053e-04
7.16999897e-05
3.31094860e-05
1.84660138e-05
2.90354082e-05
8.51979999e-05
8.64091611e-05
8.51240258e-05
1.66538940e-04
6.46550403e-05
1.12358776e-04
1.74354202e-05
2.89340239e-05
1.16405655e-05
8.27629120e-05
2.82302372e-04
2.43447417e-04
9.49542316e-05
3.49242086e-05
5.73269491e-05
1.56017638e-04
2.55157469e-04
1.37112553e-04
1.09556856e-04
5.29574092e-05
5.65880568e-05
1.99170447e-05
3.07655273e-05
5.90527253e-05
3.11317444e-05
1.75246085e-05
3.47506600e-05
1.26158450e-05
2.20607388e-05
2.83611305e-05
2.20746005e-05
4.65957558e-05
5.13641443e-05
6.20915630e-05
5.77517150e-05
3.01407356e-05
8.61987299e-05
2.48221395e-04
5.20575199e-05
3.14689799e-05
2.59823745e-05
2.18243293e-05
1.94892288e-05
1.05593201e-05
8.06712244e-05
8.51087371e-05
1.80821483e-04
1.17480585e-04
7.10770061e-05
1.12263584e-04
2.46571064e-04
1.49688052e-04
7.63569220e-05
7.99656231e-05
1.12818247e-04
2.95897456e-05
4.95709588e-05
2.89844397e-05
4.32346132e-05
3.77767218e-05
2.33472671e-05
2.20975158e-05
2.84372682e-05
5.98209730e-05
5.01491888e-05
9.10009723e-05
1.82011608e-04
2.22966456e-05
1.38036862e-05
1.10661153e-05
5.45045424e-06
1.39424955e-05
3.49907371e-05
4.99557810e-05
1.61789069e-05
3.58107299e-05
1.00289008e-04
2.33828400e-04
1.17528463e-04
3.32693042e-04
1.44109091e-04
1.18885348e-04
4.34873373e-05
2.82570186e-05
1.33719504e-05
1.10361585e-05
2.72333445e-05
2.12181714e-04
9.91791339e-05
4.32063004e-05
7.10694342e-05
2.19190890e-05
5.50473037e-05
9.73630453e-05
1.35342461e-04
5.69194648e-05
1.86159286e-04
1.56769200e-04
6.20231216e-05
1.14853466e-04
6.11042971e-05
6.74653717e-05
6.87283141e-05
2.64674118e-05
4.30070287e-05
2.77421843e-05
8.94508403e-05
6.47438304e-05
1.85683566e-05
1.04653804e-05
2.13459256e-05
1.63943941e-05
9.64052465e-06
1.87469874e-05
8.06711476e-06
2.71872379e-05
5.99049829e-06
2.02251023e-05
1.01022592e-05
2.75017095e-05
4.18916268e-05
4.63657481e-05
8.55220682e-05
3.38042737e-05
3.98536933e-05
4.69507994e-05
1.21256932e-04
6.12482366e-05
9.18245583e-06
3.07847946e-05
7.08232549e-05
5.44913992e-05
3.41632603e-05
2.08305328e-04
2.03994949e-04
9.66652354e-05
3.36001572e-04
7.11021628e-05
2.98250237e-05
2.16171330e-05
2.09842382e-05
5.48752943e-05
1.34974269e-05
1.19896526e-05
5.93582198e-06
1.36981817e-05
5.01578936e-05
1.54693976e-05
8.58138763e-06
2.64281775e-05
5.89289096e-05
3.71486497e-05
4.79142393e-05
5.42218874e-05
4.00499894e-05
4.25935698e-05
1.30514440e-04
7.99701203e-05
1.21339724e-04
2.80940675e-04
7.81998379e-05
4.33832727e-05
3.23244742e-05
2.77145776e-05
7.91081469e-05
9.73087358e-05
5.69707851e-05
1.93087666e-05
3.30499173e-05
6.09950079e-05
1.38986246e-04
2.43178344e-04
7.31628029e-04
6.51932696e-04
1.29479693e-03
1.94689910e-04
1.13135225e-04
1.10702413e-04
5.41527769e-05
4.13898034e-05
2.45522457e-05
3.22986749e-05
2.61911618e-05
3.76981535e-05
2.81406797e-05
5.30907688e-05
2.75060408e-05
1.80747872e-05
3.24537676e-05
2.37218823e-05
1.22744734e-05
2.89804034e-05
8.28165771e-05
1.43012224e-04
2.81404721e-04
2.39268133e-04
6.21943758e-05
7.01379206e-05
1.27614647e-04
2.40963473e-04
1.29497328e-04
1.19714192e-04
2.36544750e-05
4.08855281e-05
8.48445697e-05
1.30348985e-04
3.84990479e-05
7.46526755e-05
9.79887579e-05
2.18928483e-05
2.58995120e-05
2.24742438e-05
8.17680609e-05
3.93182222e-05
3.00389369e-05
1.17295247e-04
1.78752261e-04
1.41536180e-04
6.92136260e-05
2.30145280e-04
9.42004084e-05
6.39947147e-05
5.70614128e-05
3.42913338e-05
2.75143167e-05
9.90798707e-05
1.32592097e-04
4.05115649e-05
2.25222403e-05
1.53234813e-05
1.05202793e-05
4.36201884e-06
1.40122839e-05
1.57063577e-05
1.49318952e-05
2.14475469e-05
2.17048896e-05
1.06376820e-05
7.60283112e-06
6.62709905e-06
5.96961815e-06
6.40519574e-06
2.29493336e-05
2.30536605e-05
4.69605755e-05
5.48140412e-05
3.63970103e-05
6.77562927e-05
1.48196417e-05
3.76932237e-05
4.77496330e-05
1.28060853e-04
7.69768902e-05
8.21226473e-05
7.69544211e-05
1.15586460e-04
1.34929633e-04
9.84626597e-05
8.82707050e-05
7.11910004e-05
9.19816579e-05
1.15274599e-04
3.41953930e-05
7.06427155e-05
5.48675962e-05
4.49392714e-05
3.09013920e-05
6.45501547e-05
8.73380847e-05
9.61961114e-05
2.33759717e-05
8.67751671e-06
6.75314182e-06
4.80522838e-05
7.64722478e-05
1.14950236e-04
2.17668718e-04
4.33325787e-04
2.78657220e-04
1.36013835e-04
5.65066362e-05
3.43229526e-05
9.54271112e-05
5.17438202e-05
7.56517447e-05
5.03480574e-05
5.95103525e-05
8.70109423e-05
5.29783621e-05
4.70411888e-05
1.26589776e-05
2.21022540e-05
5.96231130e-06
6.51997606e-06
5.72285557e-06
6.56289007e-06
1.71662198e-05
1.96872024e-05
1.18904081e-04
3.74659000e-05
4.69641842e-05
9.27664206e-05
1.60609680e-04
7.70622571e-05
9.90420692e-05
3.85891968e-05
6.14243751e-05
7.56081399e-05
9.55625768e-05
5.98437217e-05
1.66859963e-04
2.60317383e-04
1.59612323e-04
1.44578248e-04
1.05577018e-04
3.28126269e-05
1.02290121e-04
3.61157408e-05
8.97886978e-05
9.77769575e-05
1.07758252e-04
1.03689766e-04
2.37479370e-05
8.51022314e-06
6.77912835e-06
1.96637744e-05
4.96248381e-05
3.74839865e-05
3.69327424e-05
1.68982986e-05
2.05307061e-05
5.16055474e-05
7.41876881e-05
5.36136085e-05
1.68051828e-05
3.78722278e-05
2.56797709e-05
5.76214392e-05
7.33253120e-06
1.95976333e-05
3.84252947e-05
6.26548501e-05
1.34050687e-04
8.25953381e-05
1.04009825e-04
8.83091993e-05
1.66496739e-04
9.73967822e-05
1.63920998e-04
6.09693226e-05
4.63832459e-05
6.56758727e-05
3.83560486e-05
5.50059380e-05
4.80846878e-04
3.11397322e-04
8.34779620e-05
7.58058260e-05
1.61727385e-04
5.50178501e-05
2.72296060e-05
4.38051244e-05
8.21638431e-06
4.69315745e-05
1.57239161e-05
5.54344899e-06
1.38706889e-05
3.01827350e-05
2.03346578e-05
1.25058864e-04
1.27817029e-04
4.80458577e-05
1.50399452e-05
5.47592626e-05
4.29913228e-05
5.19659654e-05
1.53752254e-04
1.59108674e-04
4.05496979e-04
1.34482058e-04
1.17785059e-04
7.38184094e-05
6.67462871e-05
6.82447917e-05
4.33903122e-05
2.85420819e-05
9.64053949e-06
1.14112709e-05
7.88188101e-06
1.01055956e-05
1.75406794e-05
3.23878765e-05
1.10968632e-05
1.99437025e-05
5.22280837e-05
1.37875302e-05
1.49575653e-05
1.13043262e-05
1.25359123e-05
4.85866551e-05
4.76133391e-05
5.41314155e-06
1.00077642e-05
8.98420784e-06
8.78686261e-06
1.03999661e-05
2.22992643e-05
1.73979977e-05
5.26598664e-05
9.73110832e-05
1.39490512e-05
5.03823910e-05
9.77158633e-05
7.61192376e-05
2.33737871e-04
2.45926526e-04
1.53896158e-04
2.44544134e-04
1.16836389e-04
2.57695707e-04
6.09708869e-04
5.68720777e-04
2.59530857e-04
7.02016776e-05
6.38752086e-05
5.78907653e-05
1.70152342e-04
2.19457285e-04
1.75183301e-04
1.34703019e-04
3.68711989e-05
7.00321947e-05
5.49233578e-05
9.90196660e-06
4.95083520e-06
1.17123581e-05
1.36830101e-05
3.21449128e-05
1.86452581e-05
1.60768327e-05
1.34754607e-05
1.48257252e-05
9.37291590e-06
1.85136504e-05
4.45871576e-05
6.95950205e-05
4.39024552e-05
9.29593436e-05
8.50666675e-05
5.00690043e-05
7.40669551e-05
2.56434897e-05
2.48490061e-05
7.42009177e-05
5.63206901e-05
2.43834478e-05
2.68267111e-05
4.06517634e-05
3.22787814e-05
5.25464146e-05
9.31769187e-05
3.94921927e-05
3.53800133e-05
3.59634472e-05
5.85722394e-05
7.88391081e-05
2.68460037e-05
3.33825661e-05
1.62185485e-04
7.25353944e-05
1.06274249e-04
1.30394250e-04
5.76745623e-05
2.08997030e-04
1.11494671e-04
1.19803089e-04
1.30274089e-04
6.00126019e-05
6.52781958e-05
8.65581438e-05
5.36420274e-05
1.08797417e-04
7.30848827e-05
7.46699327e-05
1.56505733e-05
1.71365894e-05
7.33013675e-06
1.13349991e-05
3.18361109e-05
4.29472463e-05
6.15526796e-05
1.22946551e-04
8.78068082e-05
7.64479523e-05
1.78245088e-04
5.06499385e-05
7.76420038e-06
1.85858505e-05
8.39197580e-06
3.09038716e-05
3.53880312e-05
3.00956906e-05
3.20693026e-05
1.30235994e-04
4.89310051e-05
4.88516729e-05
5.90987918e-05
2.62633450e-05
2.57772376e-05
2.25422283e-05
1.43848137e-05
2.08413914e-05
2.30408454e-05
4.07081481e-05
3.29458554e-05
6.61448347e-05
9.41518557e-05
3.46374173e-05
2.67896829e-05
1.40078078e-05
1.86488519e-05
1.15939761e-05
2.09727259e-05
2.52895334e-05
3.10400468e-05
1.35960586e-05
1.51410533e-05
1.13071739e-05
1.42689019e-05
3.97151480e-05
4.25384099e-05
6.50861706e-05
9.76091066e-05
2.14843448e-04
5.43955344e-05
1.24120754e-05
1.20863653e-05
4.37761039e-05
3.93672974e-05
1.26923404e-05
4.18913746e-05
7.02582945e-05
5.23988184e-05
1.24397898e-04
7.92024937e-05
5.19684580e-05
3.05127082e-05
6.58330194e-05
9.04311971e-05
6.99302377e-05
1.45062352e-05
5.65634833e-05
2.46152968e-05
2.16538257e-05
7.43447071e-05
6.12719343e-05
8.04725459e-05
5.57699331e-05
3.66453141e-05
6.71020524e-05
2.69152505e-04
1.37392124e-04
7.42274153e-05
6.83548402e-05
1.00277690e-04
1.23545806e-04
3.36590402e-04
2.04133624e-04
6.01953993e-05
1.64469615e-04
2.50400768e-04
7.98170491e-05
7.76910418e-05
6.16614390e-05
4.41557062e-05
3.11331039e-05
1.82193055e-05
2.50557287e-05
7.66272853e-05
2.86668469e-05
7.94347584e-05
9.14471788e-05
1.35365393e-04
1.16883985e-04
7.10839764e-05
3.98406501e-05
1.40873205e-04
5.12942180e-05
2.38830983e-05
1.72948154e-05
6.49792585e-05
1.22610508e-04
9.94345811e-05
1.23418276e-04
7.94373778e-05
1.78985202e-04
1.53735482e-04
1.49992221e-04
1.73820045e-04
7.08786260e-05
1.07637966e-04
5.80812962e-05
1.15927061e-04
4.33031373e-05
1.08724083e-04
1.14240743e-04
8.98016823e-05
1.32022721e-04
6.23073427e-05
8.18740156e-05
6.57922224e-05
3.59622725e-05
4.08808863e-05
3.39817266e-05
4.47910397e-05
1.48977778e-05
1.28264129e-05
4.87522622e-05
3.30474835e-05
1.87679427e-05
2.51564941e-05
6.63753729e-05
4.95272291e-05
8.24383128e-05
1.86250277e-05
4.25113751e-05
7.45499178e-05
3.70529736e-05
2.43263753e-05
2.10420407e-05
9.82881396e-05
1.31292657e-04
2.45428712e-04
2.36050785e-04
3.18035238e-04
9.73930872e-05
4.29844954e-05
4.27914256e-05
1.37127111e-04
1.69785378e-04
8.46857912e-05
1.08136569e-04
3.16639188e-05
2.47146762e-05
3.37595827e-05
7.03586699e-05
1.43388721e-04
9.93060347e-05
9.63436705e-05
9.78359872e-05
1.03643690e-04
7.31167296e-05
7.79985792e-05
5.51833107e-05
4.83054476e-05
2.54129643e-05
5.79099350e-05
3.83710325e-05
4.09596386e-05
2.80628196e-05
1.70055696e-05
4.09732097e-05
1.10797401e-05
1.83393064e-05
1.58589729e-05
3.10742970e-05
6.67165463e-06
3.85614031e-05
3.52933595e-05
3.53369034e-05
1.82859582e-05
1.64015528e-05
2.28325366e-05
7.84258786e-05
7.78471635e-05
1.11203153e-04
2.34345208e-04
5.04443917e-04
2.48667578e-04
2.62067889e-04
3.97060029e-04
2.38014062e-04
9.17715582e-05
7.86984992e-05
7.55794594e-05
7.65569157e-05
6.86088432e-05
5.40041628e-05
3.65260564e-05
1.58252012e-05
9.18944569e-06
7.15920168e-06
4.36255710e-06
8.24968169e-06
1.05710074e-05
9.76696652e-06
1.78472722e-05
1.64710691e-05
5.53663781e-05
5.86196018e-05
6.23532693e-05
2.47262610e-05
2.15030474e-05
1.07849274e-05
9.10488724e-06
1.31430046e-05
1.50968812e-05
7.28178721e-05
5.33782525e-05
9.32678292e-05
2.72669679e-04
1.52960379e-04
8.43530114e-05
4.69060111e-05
9.18896943e-05
4.27141666e-05
2.13236970e-05
6.19265782e-05
6.05081811e-05
3.24208920e-05
2.17833344e-05
1.99369083e-05
3.11236003e-05
1.28910691e-05
3.01337640e-05
2.79195225e-05
2.11229005e-05
4.55836549e-05
5.22633275e-05
1.96012082e-05
2.69786098e-05
3.80612948e-05
2.88531476e-05
1.57147909e-05
1.89979714e-05
1.96201224e-05
2.85358690e-05
9.32131507e-06
3.10728555e-05
1.50940545e-05
3.08814497e-05
1.11638462e-05
5.70626168e-05
6.17057112e-05
3.72175762e-05
1.31440156e-05
2.32961417e-05
1.01219704e-04
9.36286349e-05
6.70206516e-05
1.11487768e-04
1.98856174e-05
1.93577991e-05
2.37428686e-05
1.76473794e-05
9.55054435e-05
1.05954626e-04
2.06618241e-04
1.36440917e-04
5.30232174e-05
2.94090064e-04
3.45386897e-04
9.32218901e-05
1.14748635e-04
1.32420630e-04
4.47018234e-04
1.74150541e-04
2.25213321e-04
2.38669866e-04
1.02837477e-04
4.71749695e-05
6.90815404e-05
5.15587698e-05
8.24055721e-05
4.58863240e-05
1.41163112e-05
2.26583912e-05
2.35951162e-05
5.85830847e-05
7.29368353e-05
1.74907104e-05
8.19539202e-06
1.45027165e-05
1.56143817e-05
3.38654389e-05
1.62332560e-05
2.56442933e-05
1.57838047e-04
8.45206775e-05
7.70776396e-05
1.39830380e-04
1.87028480e-04
3.25912495e-04
1.10658757e-04
3.44913576e-05
2.39305794e-05
1.77326003e-05
5.78425141e-05
2.17592243e-04
2.18311740e-04
1.33076303e-04
2.67202498e-04
3.25654086e-04
1.60894819e-04
5.37597189e-04
2.92907257e-04
1.59456625e-04
6.78469577e-05
1.77975078e-04
1.76549961e-04
3.46993702e-04
8.28228471e-05
2.74519222e-04
8.25730732e-05
3.49676153e-05
2.87689939e-05
1.40965249e-04
8.95578801e-05
5.22113851e-05
5.09052820e-05
5.45125710e-05
9.32715505e-05
4.89423660e-05
1.04157331e-04
1.78402142e-04
7.45015748e-05
1.17014436e-04
1.23094245e-04
2.55388944e-04
3.39652652e-04
4.69136209e-04
5.01340969e-04
3.60824078e-04
6.77803390e-05
4.10883338e-05
8.19966048e-05
9.19308269e-05
8.90499132e-05
1.26107326e-04
1.69379677e-04
1.61342860e-04
3.94094944e-04
1.97048201e-04
3.19882860e-05
5.75665054e-05
3.60681841e-05
3.69660376e-05
8.81896990e-05
1.48769686e-04
2.85289894e-04
2.35583127e-04
1.98241627e-04
1.61697592e-04
6.84724439e-05
4.81667595e-05
4.95187604e-05
7.21128823e-05
9.93759505e-05
9.77320792e-05
1.95362584e-05
4.32451859e-05
6.92088943e-05
1.04007339e-04
4.83539915e-05
2.26899888e-04
2.98387198e-04
1.74744701e-04
1.89930064e-04
8.11379587e-05
6.69788322e-05
1.76329294e-04
6.47773861e-05
4.10620252e-05
6.43338851e-05
1.30217883e-04
9.00977201e-05
7.47142129e-05
2.65967104e-05
5.29867613e-05
1.71134199e-05
2.48706506e-05
8.73259238e-06
1.45325178e-05
4.57249470e-05
1.07694769e-05
6.15014066e-05
1.97686577e-04
1.02394082e-04
1.19009468e-04
4.44577278e-05
2.68430607e-05
1.82466616e-05
1.98701214e-05
6.05167510e-05
1.66601753e-04
2.39464220e-04
4.77601520e-05
4.50959340e-05
1.10365912e-04
7.39153525e-05
1.04338597e-04
4.31570697e-05
5.80882416e-05
1.36555984e-04
6.19817675e-05
6.82370143e-05
8.40530803e-05
5.22483932e-05
1.34171185e-04
1.35369200e-04
9.67573731e-05
1.84162843e-05
1.22464105e-05
3.62795382e-05
4.21947967e-05
8.09085022e-05
1.45400762e-04
1.26604753e-04
4.76633861e-05
1.98664678e-04
1.77633264e-04
1.53057431e-04
2.51802627e-04
1.27412819e-04
2.20494971e-04
7.18163103e-05
2.01483331e-05
1.14414543e-05
1.71312466e-05
5.85983445e-05
3.72037565e-05
2.75884786e-05
1.08585185e-04
2.17447483e-05
2.12846089e-05
1.89129651e-05
2.33346048e-05
2.77095541e-05
2.86466209e-05
4.13799017e-05
4.33533115e-05
2.06974540e-05
2.20135633e-05
1.45875987e-05
8.74842310e-05
1.18876652e-05
2.27182286e-05
3.48502651e-05
6.06133934e-05
3.35967241e-04
1.72110684e-04
5.66834184e-05
7.77078321e-05
2.80132013e-05
8.78740167e-05
8.07559609e-05
6.62273586e-05
1.86326200e-05
4.47030829e-05
3.72057031e-05
7.09361502e-05
1.13979913e-04
2.01170283e-04
1.22752247e-04
4.41764163e-05
9.50510539e-05
2.14122840e-05
2.32977331e-05
5.03458784e-05
5.94094666e-05
8.85426469e-05
3.04947123e-05
1.11966936e-04
1.51245030e-04
9.37696545e-05
1.78019169e-05
1.37117995e-05
9.25305378e-06
2.32349519e-05
2.06775072e-05
1.45519806e-04
1.23102833e-04
1.31583540e-04
9.16982144e-05
6.17744706e-05
2.30842510e-04
6.78721106e-05
1.39977453e-04
1.70178803e-04
2.61615589e-04
9.22459143e-05
3.42481121e-05
9.78314407e-06
9.35073581e-06
1.73353449e-05
1.00365110e-05
8.92039380e-06
4.03217022e-05
1.15054494e-04
3.71437586e-05
1.14645579e-05
3.00126916e-05
2.72477936e-05
3.21277429e-05
5.21604422e-05
3.20255786e-05
4.33749119e-05
3.83653145e-05
8.97188503e-05
1.57301561e-05
1.84364307e-05
3.56628434e-05
6.33711189e-05
1.84251446e-05
4.89338698e-05
3.77230525e-05
5.99078597e-05
1.23543896e-04
4.38252838e-05
3.99915980e-05
3.30629748e-05
2.99992976e-06
3.62556337e-06
3.72366017e-06
6.59039565e-06
5.36993352e-06
1.37143234e-05
5.47425995e-06
8.24613922e-06
8.57742917e-06
1.84269984e-05
1.46672536e-05
2.30670996e-05
1.59902566e-05
8.38550557e-06
1.51195005e-05
2.00904026e-05
3.81013008e-05
8.97900772e-05
8.28291245e-05
1.07615289e-04
2.55068551e-05
2.17923721e-05
1.07051385e-05
3.65553600e-05
6.53663428e-05
5.76188894e-05
5.30980672e-05
1.34010207e-04
3.06626726e-04
1.47321826e-04
2.86053626e-04
1.05452997e-03
6.56373788e-04
6.39999018e-04
1.54876555e-04
1.84059108e-04
3.32169326e-04
4.65700188e-05
6.35219678e-05
1.16470399e-04
5.20167218e-05
9.31666675e-06
1.41905724e-05
2.07456198e-05
6.53303909e-05
2.89528252e-05
8.81862847e-05
5.65237160e-05
2.06839454e-05
1.80334035e-05
3.42018641e-05
4.12961177e-05
6.07997393e-05
6.01692550e-05
8.30864930e-05
3.71874922e-05
2.00672551e-04
5.09262166e-05
5.16505335e-05
5.25616331e-05
2.73019139e-05
4.91696719e-05
3.08510408e-05
1.16487557e-05
1.09072237e-05
9.08662140e-06
1.22146164e-05
1.66684586e-05
9.77427428e-06
6.85399099e-06
1.00241985e-05
4.27578927e-05
1.65618858e-05
5.24251476e-05
6.06418171e-05
6.25688303e-05
3.66734218e-05
4.72256215e-05
2.14021803e-05
6.53812984e-05
1.28428279e-04
2.56558127e-04
4.38321296e-04
1.07566816e-04
3.70853070e-05
2.08967780e-05
3.74985800e-05
2.93214521e-05
2.08857904e-05
2.07619817e-05
1.44958130e-05
3.06193591e-05
2.59340224e-05
1.27948975e-05
5.12150603e-06
9.13006219e-06
1.41834899e-05
5.19643707e-05
4.83373716e-05
8.11984489e-05
6.20744657e-05
2.82189086e-05
2.05156480e-05
1.37526291e-05
5.71935591e-05
6.47783663e-05
4.59980239e-05
4.78985497e-05
2.76453462e-05
1.11293098e-04
4.92983748e-05
3.87431422e-05
3.23718786e-05
2.38682672e-05
