2.77468821e-04
1.41313485e-04
5.79275937e-05
2.89738072e-05
1.82331719e-05
1.14535466e-05
1.56117910e-05
3.39589588e-05
3.61201500e-05
2.10216257e-05
5.24688671e-05
9.91088069e-05
1.22492356e-04
1.78203501e-04
6.40356561e-05
5.22590531e-05
3.99149483e-05
4.93068899e-05
1.27854987e-05
1.46164750e-05
1.19379101e-05
1.15219345e-05
7.62811766e-06
1.35937996e-05
5.25223208e-05
1.11639547e-04
6.08599550e-05
4.97802041e-05
4.12330787e-05
6.76321841e-05
2.47596838e-04
7.00874694e-05
6.89744513e-05
3.19228307e-05
3.01869834e-05
4.48633907e-05
2.84518664e-05
3.02114699e-05
7.47669212e-06
5.94820509e-06
1.16397181e-05
1.27722520e-05
4.63693164e-05
2.37302463e-05
3.96393715e-05
1.95531318e-04
1.31763434e-04
1.46815997e-04
4.65443360e-05
7.63281912e-05
5.67185021e-05
7.18002019e-06
4.09899939e-06
8.20764925e-06
2.22273835e-05
3.71551289e-05
4.04349227e-05
2.21314553e-05
3.30261097e-05
3.34089887e-05
3.92367405e-05
4.27590937e-05
3.98517680e-05
3.93739784e-05
4.60034578e-05
2.25561521e-05
1.12610851e-04
6.11543197e-05
8.51848541e-05
2.30773515e-04
1.95106068e-04
4.12013263e-05
4.10910923e-05
2.22825806e-05
2.01671625e-05
1.50632556e-05
2.04019366e-05
1.48438222e-05
1.22246729e-05
1.08205563e-05
4.89223163e-05
4.79392043e-05
1.05342933e-04
1.34103222e-04
3.09892069e-04
1.42935863e-04
8.82864077e-05
7.59680377e-05
3.35237383e-04
2.37893007e-04
1.90020313e-04
4.83210752e-04
2.07906445e-04
6.97068576e-05
2.41483650e-05
5.29313744e-05
3.64463665e-05
6.62734386e-05
9.11885736e-05
7.75040313e-05
1.63447113e-05
5.06736191e-05
9.62709235e-05
8.99688069e-05
5.86892157e-05
5.48411343e-05
2.07224883e-05
4.13443897e-05
6.17411272e-05
4.27749261e-05
1.20548730e-04
3.11478648e-05
1.43862839e-05
3.92269174e-05
4.65374901e-05
4.63253473e-05
4.16373327e-05
5.08478505e-05
7.60267665e-05
9.11481869e-05
7.85157353e-05
4.77052449e-05
8.73328553e-05
5.10466555e-05
6.39962961e-05
6.04765700e-05
8.66887687e-05
5.25904271e-05
1.91463728e-05
3.74303945e-05
2.63342655e-05
7.52704967e-05
5.89645886e-05
1.74431032e-05
4.53160394e-05
4.27340144e-05
5.44413722e-05
3.11193409e-05
6.04583875e-05
2.91746246e-05
3.01157077e-05
5.03554543e-05
3.46740007e-05
5.68014000e-05
3.81825860e-05
1.58349564e-05
4.69289323e-05
4.35618512e-05
5.54215913e-05
5.64150321e-05
6.23458328e-05
4.79682890e-05
1.03110919e-04
2.24744130e-04
6.16589893e-05
6.62621219e-05
4.92608140e-05
4.15165039e-05
8.84838783e-05
2.64880492e-04
2.64417497e-04
9.08363356e-05
8.81654218e-05
3.80295397e-05
1.44108694e-05
1.14165227e-05
2.00593738e-05
2.81018157e-05
4.20599996e-05
3.05916949e-05
6.60640375e-05
5.10576336e-05
4.86633916e-05
2.49488991e-05
6.39847880e-05
1.00886215e-04
7.86162996e-05
3.87452358e-05
3.30351251e-05
8.12244508e-05
6.10957337e-05
6.07816340e-05
1.08100193e-04
4.63562890e-05
3.03201500e-05
1.50779325e-05
3.26353377e-05
8.29547662e-05
7.12094341e-05
1.02695175e-04
6.82285576e-05
5.31042158e-05
3.48122302e-05
3.93509192e-05
4.85268109e-05
1.07302288e-04
2.24886553e-04
9.80548051e-05
7.53443247e-05
1.03372869e-05
2.26932798e-05
1.41498254e-05
1.39988012e-05
2.92287490e-05
2.56994820e-05
2.47189086e-05
2.89715357e-05
1.88741225e-05
1.67650378e-05
1.12042142e-05
8.99052316e-06
2.68009040e-05
1.39327042e-05
3.82788431e-05
7.88015526e-05
4.55682911e-05
6.91965891e-05
2.51851805e-05
1.56840759e-05
3.69609297e-05
1.40290891e-05
4.62847502e-05
3.79292381e-05
3.20427720e-05
5.50928674e-05
4.00765466e-05
4.47770685e-05
3.40928240e-05
2.09809948e-05
3.25106268e-05
4.84521664e-05
3.29226693e-05
2.49127971e-05
5.83422983e-05
5.28817803e-05
1.10511412e-04
1.17672913e-04
1.71575745e-04
1.73265712e-04
1.13768006e-04
3.42389817e-04
1.13372818e-04
7.70049558e-05
8.06493837e-05
1.09353972e-04
8.36552614e-05
2.40166875e-04
1.06614038e-04
1.04728094e-04
2.80379078e-04
2.10089930e-04
3.01762579e-04
1.36511532e-04
6.65824954e-05
3.76814717e-05
1.09496496e-04
3.61452562e-05
4.04580779e-05
1.18383415e-04
6.19211030e-05
1.76326496e-04
2.28417205e-04
3.40964339e-04
2.83248760e-04
1.79245005e-05
2.47890813e-05
1.48810175e-04
4.01102427e-04
2.72146049e-04
1.36316095e-04
1.13836989e-04
4.19196799e-05
6.49643461e-06
1.08136109e-05
3.80095359e-05
2.44120400e-05
8.85838124e-05
1.24000409e-04
1.07024382e-04
7.52299181e-05
7.45015970e-05
1.24978397e-04
2.55168061e-05
7.24417418e-06
1.50918114e-05
1.43797155e-04
1.46088247e-04
2.78638639e-05
2.07560168e-05
1.19254787e-04
7.23603435e-05
4.15165965e-05
3.87499465e-05
7.86277547e-05
8.51864067e-05
1.23203633e-04
1.41163473e-04
1.76995020e-04
7.45797382e-05
4.43714601e-05
3.85242750e-05
2.24141525e-05
3.45639143e-05
3.14435231e-05
7.29593719e-06
2.46364709e-05
1.55576129e-05
3.78412260e-05
7.83249783e-05
1.72600763e-04
1.01653122e-04
8.54348480e-05
1.05496876e-04
6.45288783e-05
6.58724688e-05
7.09817101e-05
5.43078919e-05
2.14086618e-04
6.05883696e-05
1.28377706e-04
6.78029276e-05
4.76281657e-05
6.91018118e-05
1.81425534e-04
7.25705985e-05
5.75033722e-05
7.20208706e-05
1.92111926e-05
9.89430683e-06
5.26675579e-06
8.98867546e-06
1.42929875e-05
1.01568940e-05
2.05262130e-05
2.87122815e-05
7.52537477e-05
7.12445048e-05
1.70542259e-04
1.67853412e-04
1.01832224e-04
1.38417513e-04
7.35551818e-05
6.61565740e-05
3.53198883e-05
3.50302568e-05
5.68358848e-05
8.03094129e-05
4.72520826e-05
7.46799546e-05
3.86889219e-05
4.05044147e-05
2.44468413e-05
1.27335410e-05
6.57402733e-06
7.59511118e-06
5.52286775e-05
1.04661789e-04
1.35330893e-04
6.39090607e-05
4.44770724e-05
1.70705382e-04
3.34299020e-05
2.09888377e-05
1.75967574e-05
3.13189843e-05
5.53904810e-05
5.51751997e-05
1.77237806e-05
2.28875202e-05
3.12087506e-05
5.05530840e-05
4.74796817e-05
1.29531315e-04
6.15290949e-05
1.21877948e-04
1.72121041e-04
1.92640272e-05
2.73746825e-05
2.28270149e-05
8.52319315e-05
4.19602832e-05
2.86555622e-05
3.63415216e-05
1.37602177e-05
3.32904142e-05
1.80434546e-05
1.42637649e-05
1.19230158e-05
1.63173526e-05
1.90197260e-05
6.85515086e-05
5.31178007e-05
1.06757619e-04
1.19678630e-04
6.45658243e-05
3.71067952e-05
4.25758499e-05
5.28696307e-05
3.29855317e-05
4.80752892e-05
9.10310974e-05
1.18970330e-04
1.36483239e-04
1.26909498e-04
3.36862190e-04
1.89293462e-04
1.54224488e-04
8.77393862e-05
1.68575855e-04
4.61540089e-05
5.72204620e-05
9.51516243e-05
6.66853664e-05
5.97445311e-05
5.05298228e-05
3.43220082e-05
4.94850731e-05
1.46826096e-05
1.59860393e-05
2.39484968e-05
6.82630571e-05
7.54400142e-05
4.91967870e-05
5.45098199e-05
2.07467075e-05
7.68745490e-05
5.98979129e-05
9.32780642e-05
3.59981129e-04
5.55905497e-04
1.91183691e-04
2.44116335e-04
1.22770208e-04
3.66882185e-04
5.81980092e-04
4.02519329e-04
5.09104440e-04
9.14655755e-04
5.65693875e-04
4.08990422e-04
2.04871111e-04
2.57583508e-04
4.01271303e-04
2.30951158e-04
1.01426024e-04
1.65719176e-04
8.10302179e-05
3.66331928e-05
4.72379479e-05
2.90839661e-05
3.94688918e-05
8.35485160e-05
2.93940276e-04
4.96728167e-05
6.90208640e-05
4.84624534e-05
6.13981653e-05
1.52139363e-04
1.66678279e-04
3.20415999e-04
3.73728177e-04
1.48603593e-04
1.45562915e-04
3.77803198e-04
5.40497005e-04
1.44667610e-04
1.49340602e-04
4.28345780e-05
7.31023973e-05
6.05454933e-05
3.04081358e-05
1.26697657e-05
1.15272341e-05
1.26198472e-05
9.44496611e-06
7.43045427e-06
2.32592224e-05
7.67969878e-05
4.47972530e-05
8.59611217e-05
1.19867904e-04
1.31945728e-04
3.03934775e-05
4.97732389e-05
7.39387157e-05
3.09008526e-05
1.03871652e-04
4.83096678e-05
3.71945995e-05
5.16563922e-05
3.03498994e-05
4.53568693e-05
1.36494574e-05
1.88717366e-05
3.87276095e-05
4.47380076e-05
1.71568850e-05
4.06119709e-05
2.17556587e-05
1.78620154e-05
1.31225018e-05
5.64985546e-05
3.59359182e-05
2.99824374e-05
9.58707603e-05
1.24411323e-04
6.77214872e-05
3.05447677e-05
2.73553647e-05
5.49669942e-05
7.64925375e-06
8.72899734e-06
3.00507540e-05
3.40076834e-05
1.62733155e-05
2.42400532e-05
1.32530562e-05
1.85578926e-05
2.21813068e-05
2.03581247e-05
6.26466580e-06
1.62319540e-05
1.04896656e-05
1.15045038e-05
5.34014827e-06
9.60905038e-06
1.46689594e-05
1.08147570e-05
1.34712425e-05
4.31636277e-05
5.54081798e-05
3.77396116e-05
6.28463459e-05
5.20697838e-05
6.76037452e-05
5.02299415e-05
9.19346428e-05
1.79034719e-04
3.16331727e-04
1.06205120e-04
7.12957429e-05
7.49233946e-05
2.54348857e-05
1.09946706e-04
2.31501557e-05
1.69659243e-04
5.92289506e-05
1.60053176e-04
9.56778819e-05
3.50816468e-05
3.03087996e-05
6.95967281e-05
9.24720715e-05
1.48620537e-04
1.17174389e-04
1.11719460e-04
1.43781540e-04
2.88094032e-04
3.15004966e-04
4.89150265e-05
1.67634932e-04
1.40767617e-04
4.03450339e-04
2.51422691e-04
1.07470233e-04
6.40691060e-05
2.78137450e-05
3.11910856e-05
1.03851269e-04
1.82400845e-04
2.07523255e-03
1.03910242e-03
2.78228632e-04
4.39641897e-04
2.34507106e-04
3.82574511e-04
8.10729021e-04
2.24514526e-04
2.29572370e-04
2.75123035e-04
1.58047056e-04
6.54599103e-05
2.66858066e-05
4.01819433e-05
6.26192300e-05
3.13075177e-05
3.08378575e-05
1.99366375e-05
1.83927663e-05
3.49333928e-06
3.28855929e-06
6.27889779e-06
6.94603890e-06
2.90394964e-05
6.95044004e-05
4.76567069e-05
4.45978565e-05
6.87713944e-05
2.88745690e-05
1.46385653e-04
1.85506574e-04
4.86365761e-04
3.12470863e-04
3.27306531e-04
2.78706107e-04
5.96191034e-04
5.58870854e-04
9.96201581e-05
2.81776168e-04
1.16262533e-04
6.85245629e-05
7.32940019e-05
7.46245490e-05
7.97125165e-05
8.54923106e-05
4.17331888e-05
1.77072048e-04
1.31524221e-04
9.97977750e-05
8.10471405e-05
1.51111247e-04
9.32135609e-05
2.48440658e-05
3.19804260e-05
5.82966534e-05
2.12538280e-05
1.20633776e-05
2.59565917e-06
1.47218476e-06
8.83683386e-06
1.99814609e-05
2.60503050e-05
4.55047667e-05
8.56419840e-06
3.52506402e-05
1.78630741e-05
2.20702446e-05
2.97224939e-05
1.32824238e-04
6.64831943e-05
1.17576311e-04
2.73299108e-05
1.53276405e-05
3.58547419e-06
2.90024040e-06
1.30227260e-05
2.91959114e-05
8.34165433e-05
2.51127050e-05
8.73464475e-05
6.01188162e-05
2.69184074e-05
1.12801024e-04
2.14956548e-04
1.01359426e-04
1.05103566e-04
5.44945605e-05
2.75064244e-05
6.62021400e-05
3.72799800e-05
6.67331717e-06
1.26593739e-05
2.91096774e-05
7.79089239e-06
1.09402543e-05
3.39453656e-05
1.89834914e-04
1.70195237e-04
3.67291786e-04
3.11263375e-04
2.52674691e-04
3.34756878e-04
1.32289843e-04
3.51339863e-05
1.63872760e-05
6.68486981e-05
3.74405171e-05
3.56897113e-05
1.72232285e-04
6.56013383e-05
4.53486582e-05
5.87424463e-05
6.55993722e-05
1.57082196e-04
1.25610024e-04
4.29545870e-05
7.03221769e-05
1.29749165e-04
4.79289722e-05
6.50361946e-05
3.61384163e-05
4.29772554e-05
9.96027699e-05
6.42673768e-05
1.06974614e-04
1.16860585e-04
3.16339333e-05
9.38018715e-05
2.27690010e-04
2.00551903e-04
1.67721135e-04
1.85146381e-04
2.18795483e-04
5.82324528e-05
6.21722406e-05
1.06370286e-04
7.24318661e-05
1.03508635e-04
4.73394168e-05
3.42355877e-05
2.07295504e-05
1.51342484e-05
4.10825085e-05
1.59821381e-04
1.00504362e-04
8.53933457e-05
1.09536820e-04
3.17133346e-05
3.40573662e-05
5.86114380e-05
1.06255218e-04
7.87856317e-05
2.24240371e-05
3.48278504e-05
4.20985347e-05
1.27886931e-04
7.47770346e-05
3.57126753e-05
3.05540869e-05
4.58065877e-05
7.49502949e-05
1.20275959e-04
4.71381825e-05
4.10169929e-05
1.10200042e-04
1.37127151e-04
6.46284456e-05
1.16622286e-04
9.20234782e-05
1.51691955e-05
3.03616503e-05
3.71199767e-05
1.31423167e-04
5.85020091e-05
6.33050013e-05
3.35331580e-05
2.14046384e-05
2.32011316e-05
1.38472593e-05
6.66021690e-05
1.34452931e-04
5.12562903e-05
4.04677623e-05
7.58051593e-05
8.71214417e-05
1.26467783e-04
1.21280143e-04
5.53159068e-05
2.54822736e-05
3.86007584e-05
1.48757471e-04
8.98896860e-05
2.69937970e-04
5.52248893e-04
2.85919280e-04
1.10455986e-04
7.16284302e-05
6.27496132e-05
6.04792256e-05
2.05578620e-04
5.47954299e-04
1.31839788e-04
2.94559612e-04
2.21969137e-04
9.98800957e-05
4.83796767e-05
6.83954339e-05
7.68438161e-05
1.06380313e-04
7.46116273e-05
3.23687010e-05
3.67176807e-05
3.33684601e-05
6.25684108e-05
3.57320360e-05
3.09772721e-05
4.08665163e-05
7.92003087e-05
6.50466279e-05
3.10946575e-05
3.94385677e-05
3.74560524e-05
1.23241160e-04
1.01921584e-04
1.23403590e-04
5.79630093e-05
6.91670663e-05
8.37780896e-05
8.33573809e-05
9.40974516e-05
6.99814772e-05
2.17675694e-05
5.93511179e-06
1.91835181e-05
1.60896393e-05
2.04724795e-05
1.31059802e-05
2.46600310e-05
2.37353585e-05
4.36986579e-05
1.08586593e-04
1.97096571e-05
3.32969171e-05
2.46389137e-05
2.46898232e-05
3.26149167e-05
1.79551215e-04
2.36979678e-04
1.40441139e-04
5.64915350e-05
1.16171193e-04
4.04087038e-04
5.37706722e-04
1.69630197e-04
7.14147150e-05
9.47103255e-05
1.22100731e-04
1.17837886e-04
8.56831985e-05
1.60924624e-04
1.50953950e-04
3.08447176e-04
3.29314130e-04
2.44963898e-04
2.60446119e-05
2.81983959e-05
3.42962706e-05
3.53542660e-05
1.16529319e-04
1.25458027e-05
1.02049807e-05
2.13854481e-05
1.27191714e-05
1.62741614e-05
1.82031155e-05
1.29412091e-04
1.24403030e-04
2.99018735e-05
5.37920331e-05
3.35608801e-05
2.23095521e-05
3.21153133e-05
3.07348295e-05
2.84945203e-05
4.92406971e-05
1.09032458e-04
7.74022026e-05
9.18905768e-05
4.43090491e-05
1.35353735e-05
2.25095083e-05
1.72482470e-04
9.40653446e-05
1.57824953e-04
1.74541923e-04
8.60754613e-05
1.01458163e-04
5.89707004e-05
3.50779141e-05
1.98686219e-05
2.02514428e-05
1.92582660e-05
9.44667060e-05
9.56478524e-05
1.36462292e-04
2.94273532e-04
3.55139673e-04
3.18832549e-04
6.82501246e-05
4.31047435e-05
1.26140336e-04
7.38489866e-05
3.79432834e-05
5.01374695e-05
3.40516081e-05
2.26271268e-05
1.97587046e-05
6.45429749e-06
7.84114927e-06
1.03549107e-05
2.09312371e-05
1.01480915e-05
1.09463630e-05
2.49734069e-05
2.55534963e-05
2.34697846e-05
9.52983472e-06
9.77286828e-06
8.88219204e-05
3.69563847e-05
1.25907174e-05
1.10128838e-05
1.38934363e-05
5.96273568e-05
2.66312135e-05
3.29639373e-05
4.67567000e-05
1.29627355e-05
5.98911465e-06
6.60715374e-06
4.28137457e-05
1.05004642e-04
1.20032533e-04
4.15788203e-05
1.26374413e-05
1.23544407e-05
2.73574038e-05
4.24806214e-05
3.45565992e-05
2.35757696e-05
1.04402960e-05
7.77075055e-06
7.45609874e-06
1.60043246e-05
2.16207443e-05
1.46929241e-05
7.51599555e-06
1.26240900e-05
1.64892193e-05
2.47264627e-05
2.13184621e-05
1.21524891e-05
2.06178863e-05
4.60125599e-06
3.29703323e-06
9.89212514e-06
1.42332234e-05
3.89952319e-05
1.18833047e-04
1.50630403e-04
8.96801783e-05
1.04893797e-04
1.53114685e-04
1.02475907e-04
4.30106039e-05
2.66419160e-05
4.14298325e-05
1.01618308e-04
1.51217129e-05
6.77691013e-05
1.55617385e-04
7.58749539e-05
8.20836846e-05
5.07895256e-05
2.82464635e-05
3.61915293e-05
1.27163747e-05
2.54006077e-05
8.39157083e-05
4.12308782e-05
4.65052437e-05
1.83818648e-04
1.27721262e-04
4.04242725e-05
3.75953778e-05
5.18134407e-05
3.42686491e-05
9.33017303e-05
6.59972304e-05
1.66454954e-04
4.81767034e-05
4.71185563e-05
1.29052374e-04
9.14417483e-05
7.48560688e-05
6.56365928e-05
3.33837749e-05
7.49165298e-05
9.69984605e-05
3.75933462e-05
1.83440654e-05
1.97307095e-05
2.32812650e-05
1.01112952e-04
1.38250622e-04
1.27141985e-04
2.00442914e-04
6.79034075e-05
1.01446473e-04
1.26628762e-04
3.88345229e-05
2.70991595e-05
1.82342266e-05
3.07464944e-05
5.23434162e-05
7.78692391e-05
3.08434991e-05
3.78294351e-05
2.37583325e-05
6.88399312e-06
3.32431427e-05
6.86415327e-05
1.56783797e-04
1.54709959e-04
5.52926549e-05
9.31284421e-05
1.20405591e-04
7.49326058e-05
6.98423838e-05
1.10846143e-04
9.14521986e-05
6.53597612e-05
9.11763079e-05
2.45151345e-05
2.88920117e-05
1.06672622e-05
1.24374605e-05
3.15328810e-05
2.60862255e-05
1.34172453e-05
1.60908650e-05
1.73102691e-05
2.48180627e-05
3.92159520e-05
6.30950492e-05
7.18779288e-05
4.68114194e-05
2.72366730e-05
2.55214434e-05
1.61142890e-05
8.37371446e-06
3.51416722e-05
3.05436059e-05
1.34815041e-04
6.21603182e-05
1.90882201e-04
8.79501631e-05
1.94012764e-04
1.38964231e-04
1.03064180e-04
1.27423633e-04
8.44013161e-05
7.88675940e-05
1.86603547e-04
3.92316411e-04
2.82817664e-04
2.01582698e-04
1.83464152e-04
9.76370748e-05
8.50849273e-05
5.11884944e-05
3.66337469e-05
8.77714446e-05
1.04452285e-04
3.19241823e-05
3.71166505e-05
1.80837566e-05
1.06932554e-05
9.38321105e-06
3.90037984e-05
7.07906683e-05
1.39425754e-04
1.16994644e-04
4.47264739e-05
4.19079479e-05
3.19576474e-05
5.69883751e-05
3.82100310e-05
1.67798811e-05
1.38717046e-05
1.29136232e-05
2.08039630e-05
9.19001171e-06
7.96083160e-06
3.64502480e-06
1.85280901e-05
1.52111084e-05
3.49652945e-05
5.99037343e-05
3.38824336e-05
1.91210108e-05
1.75926604e-05
8.52619229e-05
3.61319676e-05
1.06024461e-04
7.83119892e-05
7.55351166e-05
4.34580978e-05
2.87691255e-05
1.98569992e-05
9.53580950e-06
1.01441295e-05
2.49090579e-05
4.74466794e-05
2.07572997e-05
2.31831354e-05
2.20713109e-05
1.94497727e-05
6.53709962e-05
1.65958793e-05
2.36927602e-05
1.90209468e-05
5.84732609e-05
3.90957021e-05
1.25256903e-05
1.94066221e-05
4.66303538e-05
7.03290105e-05
5.47829187e-05
1.93532517e-05
4.74555077e-05
5.24685977e-05
4.58067250e-05
2.74993313e-05
3.17777946e-05
7.82260172e-05
9.71869100e-05
1.59448178e-04
2.01688992e-04
8.35732654e-05
9.13460399e-05
9.66268759e-05
2.93855102e-04
1.12182652e-04
1.51126660e-04
1.46535473e-04
1.19318666e-04
3.55746624e-05
1.11677255e-04
9.63099481e-05
9.91596354e-05
6.24957311e-05
3.81283500e-05
2.54559013e-05
5.65912844e-05
4.30787264e-05
9.07397217e-05
5.27089676e-05
3.61566525e-05
5.27927586e-05
2.44106743e-05
2.58172853e-05
2.53909020e-05
6.86508810e-06
1.02971332e-05
7.46258386e-06
7.49181993e-05
2.24517691e-04
9.61537068e-05
9.50006403e-05
8.12528777e-05
9.93782341e-05
5.05119656e-04
2.63091536e-04
8.32857915e-05
1.10188555e-04
1.39792517e-04
6.92162704e-05
5.97192427e-05
5.48038773e-05
9.65871293e-05
8.44326043e-05
8.60378547e-05
8.01957456e-05
4.20117676e-05
2.61950616e-04
2.24201382e-04
1.07694204e-04
1.18289833e-04
4.61820331e-05
7.28388090e-05
7.11231501e-05
2.66089611e-05
5.90027956e-05
5.27185473e-05
1.46616545e-05
5.25486619e-05
6.03360241e-05
4.38326456e-04
2.88009229e-04
1.25333928e-04
1.85207232e-04
8.58532652e-05
6.35140453e-05
1.94361275e-05
1.99041514e-05
2.23350584e-05
2.23840020e-05
7.67672690e-06
2.37832751e-05
3.91516949e-05
5.95560894e-05
2.85905558e-05
4.95937676e-05
3.57004741e-05
5.36096495e-05
1.26102527e-04
6.31496305e-05
7.43277258e-05
9.28890413e-05
4.21312910e-05
1.34701920e-05
2.16713310e-05
2.53284185e-05
2.06644047e-05
1.32284712e-05
3.21721167e-05
2.70227431e-05
3.86210290e-05
7.27725163e-05
1.33939185e-05
1.11384472e-05
2.95358617e-05
1.56707551e-05
4.02493084e-05
1.78652198e-05
1.29560978e-05
9.17842642e-06
4.83369455e-06
7.37688045e-06
1.53471318e-05
9.25160966e-06
9.66564996e-06
7.77174033e-06
2.27842805e-05
1.48650993e-05
3.13122251e-05
2.79026360e-05
5.77980675e-05
3.44554387e-05
1.54538076e-05
2.44394657e-05
2.63691977e-05
2.32501566e-05
2.95642889e-05
1.03181334e-04
5.02641090e-05
5.17117236e-05
1.33133853e-05
1.61674826e-05
1.35277214e-05
8.24569936e-06
4.37335621e-06
8.64596031e-06
1.54592347e-05
5.79362475e-05
2.31797628e-05
4.11321972e-05
6.85963122e-05
2.16567088e-04
2.08105285e-04
2.16473807e-04
5.86896976e-04
6.59247581e-04
2.80923612e-04
5.47544177e-05
1.77998208e-04
5.82120547e-05
1.41412626e-04
9.74524861e-05
5.18214318e-05
6.42906235e-05
1.33260750e-04
5.10858132e-05
5.35154961e-05
1.72169285e-05
7.07545791e-05
2.19889099e-05
7.10021502e-05
1.19302508e-04
1.00017463e-04
4.98565720e-05
1.88651833e-05
6.67482264e-05
7.17137779e-05
3.56049308e-05
2.34743238e-05
5.44301238e-05
8.11492442e-06
1.48650374e-05
6.41512395e-05
5.20092069e-05
6.15369665e-05
7.86608875e-05
2.34279419e-05
2.75740355e-05
5.29656509e-05
6.62021951e-05
4.04371886e-04
2.36801607e-04
5.52833796e-04
1.33827681e-04
7.25469827e-05
5.81756358e-05
1.31889846e-04
2.09112130e-04
1.72639011e-04
1.26144190e-04
1.18143693e-04
5.31066621e-05
2.48392174e-05
4.85844420e-05
1.01384668e-04
4.81553951e-04
3.51334321e-04
1.18242012e-03
1.30173094e-03
1.08333301e-04
5.44278542e-05
9.35026194e-05
6.88035291e-05
1.34459626e-04
1.18278300e-04
1.48423886e-04
1.08557135e-04
6.82408778e-05
7.96855331e-05
5.82268345e-05
6.05326822e-05
1.07703477e-04
9.11784659e-05
6.80661393e-05
1.88579715e-04
1.64280266e-04
1.18131586e-04
3.49838386e-04
2.32277309e-04
1.95994679e-04
2.65510453e-04
3.52334290e-04
5.16838389e-05
8.11604780e-05
2.06848710e-04
6.66368942e-05
4.68076352e-05
1.07691632e-04
5.23113497e-05
3.62425065e-05
4.41421569e-05
3.09237727e-05
2.34404174e-05
1.43713766e-04
5.77198293e-05
4.25213510e-05
3.09294624e-05
2.74859521e-05
1.82530682e-05
1.02265146e-05
2.18213984e-05
1.30534479e-04
3.89054102e-04
2.09854915e-04
1.78788615e-04
1.56531015e-04
3.30805775e-04
1.14035252e-04
2.03584890e-04
1.88064517e-04
7.88765430e-05
5.10277915e-05
2.10672000e-05
7.77906623e-06
8.48145260e-05
2.31220060e-05
3.32238637e-05
1.73915400e-05
9.33415471e-05
7.72761952e-05
4.41078825e-05
7.68574588e-05
4.40458711e-05
2.52538172e-04
7.51542363e-05
2.28863440e-04
8.25127132e-05
3.95562939e-05
4.77832764e-05
4.24989597e-05
5.35512784e-05
7.62264452e-05
2.03950323e-04
3.57879396e-04
1.66876920e-04
1.05341615e-04
5.48433508e-05
5.94465187e-05
4.28911439e-05
4.10890159e-05
3.99255392e-05
2.81048261e-05
2.82624104e-05
6.26036541e-05
8.33522552e-05
2.44323725e-05
1.96187380e-05
2.31492611e-05
8.47619895e-05
6.23148076e-05
4.30382553e-05
3.74967888e-05
9.64760530e-05
2.77743804e-05
1.81173184e-05
6.26397606e-05
5.59374129e-05
4.05545923e-05
5.21556800e-05
1.38512498e-04
1.20860358e-04
1.47742986e-05
3.67516180e-05
4.97068555e-05
4.91042464e-05
1.98640495e-05
2.85925497e-05
3.20872237e-05
2.87854047e-05
2.38292472e-05
4.92736763e-06
6.03384487e-06
1.23758611e-05
1.22902182e-05
1.17278250e-05
1.19918906e-05
2.37528807e-05
3.57654121e-05
6.55477170e-05
6.28504465e-05
1.61809085e-04
8.37491618e-05
9.17752637e-05
1.93555486e-04
9.23824039e-05
1.06966057e-04
1.48548686e-04
9.98999841e-05
2.56085324e-04
1.61286370e-04
4.09579479e-04
3.04469068e-05
1.25201772e-05
5.50716773e-05
1.49478726e-04
6.13463377e-05
7.46197916e-05
4.64256127e-05
1.35231302e-05
1.26684231e-05
1.35289007e-05
4.34841093e-06
1.43242228e-05
1.51275398e-05
1.07234288e-05
1.21068280e-05
2.44897810e-05
1.14125057e-04
1.81489305e-04
1.45024449e-04
1.02057534e-04
5.98326400e-05
7.30301494e-05
4.02895522e-05
6.88441051e-05
5.62497553e-05
2.58205807e-04
1.75629248e-04
2.29853218e-04
1.69135872e-04
9.16781722e-05
1.36040160e-04
1.73862480e-04
9.41995226e-05
1.11644860e-04
8.03175096e-05
2.42110753e-05
1.08048938e-05
1.33015859e-05
1.42302668e-05
3.15497877e-05
6.26080189e-05
1.32546399e-04
2.13795653e-04
6.09672566e-05
4.95481093e-05
3.81054139e-05
2.01518739e-05
2.76553363e-05
3.36257128e-05
4.83397180e-05
3.89333795e-05
5.33378812e-05
2.78676461e-05
4.84849512e-05
4.37901296e-05
1.83019360e-05
5.37560479e-05
8.18195150e-05
1.93020973e-04
4.51109357e-04
2.75167657e-04
