6.96088099e-05
7.23743613e-05
4.10727346e-05
1.50167720e-05
3.47101492e-05
1.16929650e-04
1.46924724e-04
2.20765939e-04
8.07167007e-05
1.51292618e-04
6.08037697e-05
9.19386495e-05
1.86804196e-05
8.60469399e-06
2.25051312e-05
9.51670932e-06
2.10485239e-05
1.07974616e-05
2.20688470e-05
3.64789260e-05
2.32638812e-05
5.36369682e-05
2.64239981e-05
1.74908655e-05
2.53161872e-05
2.47197811e-05
3.72939213e-05
6.35490464e-05
4.14374769e-05
2.19144874e-05
5.33400136e-06
1.77293812e-05
2.59253753e-05
4.26293468e-05
4.99770447e-05
5.47830141e-05
4.84986150e-05
8.09495487e-05
1.13666810e-04
3.65405023e-05
6.57990024e-05
5.56452247e-05
3.57180905e-05
1.06856890e-04
2.69518920e-04
9.35679468e-05
3.32822024e-05
1.04801084e-05
6.63368951e-06
9.60287530e-06
1.47469424e-05
2.49011368e-05
1.26851101e-05
3.71581418e-05
1.44063310e-05
2.27037554e-05
2.44580031e-05
3.46453227e-05
2.06558259e-05
8.11144175e-05
1.11330742e-04
4.04572314e-05
2.13962978e-05
4.16626629e-05
7.04990452e-05
1.45144460e-04
9.06919221e-05
2.36149986e-04
1.08751069e-04
1.10123387e-04
1.07495965e-04
3.48935582e-05
1.63969346e-05
9.71674727e-06
9.67251123e-06
8.04437475e-06
3.24399998e-06
2.12170735e-06
4.46321871e-06
8.25882362e-06
1.13745739e-05
8.18038046e-06
1.42298311e-05
5.22365597e-06
3.62478497e-06
6.93965162e-06
2.80052811e-05
2.74454329e-05
4.64057879e-05
3.66916473e-05
5.34284444e-05
3.19908084e-05
6.55067957e-05
1.67590745e-04
1.87253006e-04
7.69737594e-05
1.61433459e-05
5.01182824e-05
6.69656178e-05
6.22256305e-05
1.51552413e-04
1.14570429e-04
5.29646138e-05
2.76247749e-05
7.95744506e-06
9.03095198e-06
1.97025786e-05
3.65838805e-05
3.01033898e-05
4.00236671e-05
9.23340905e-05
2.79451654e-04
8.61116561e-05
4.24833209e-05
4.37898157e-05
2.01528848e-05
1.64834832e-05
1.75625288e-05
1.18316776e-05
4.19814413e-05
2.65577322e-05
1.87299131e-05
1.85226622e-05
1.06632220e-05
7.17834172e-05
7.59259158e-05
8.83468015e-05
9.16769250e-05
6.78074477e-05
2.82638184e-05
1.24596816e-05
1.55793545e-05
9.59071988e-06
5.42170086e-06
2.56016505e-05
2.68936188e-05
6.29488236e-05
1.32088041e-04
5.51269356e-05
2.70642087e-05
4.63441784e-05
4.64727192e-05
1.81968520e-05
1.44101656e-05
1.24956741e-05
5.47873063e-05
1.37866752e-05
2.28032263e-05
1.27548076e-04
8.03027908e-05
2.38851908e-05
1.82293308e-05
2.58521335e-05
3.61212348e-05
6.43079422e-05
2.04337940e-04
1.20066668e-04
1.24910610e-04
5.04609849e-05
8.01391205e-05
5.92200553e-05
6.25813935e-05
8.73646192e-05
7.72856588e-05
8.74550278e-05
5.85580872e-05
3.88189022e-05
2.43017762e-05
2.74983118e-05
2.46746763e-05
2.53141328e-04
2.63720491e-04
1.54518344e-04
9.17547228e-05
4.66758792e-05
3.39703917e-05
4.32323762e-05
1.55491969e-05
1.16041573e-05
1.12665397e-05
2.27618002e-05
2.34734572e-05
1.70176504e-05
2.63629722e-05
4.26126867e-05
3.81394287e-05
4.19488618e-05
7.45602755e-05
2.65576334e-05
1.75867127e-05
4.84505064e-06
1.04537946e-05
1.75526838e-05
1.50689472e-05
1.24984609e-05
3.01946997e-05
3.57169646e-05
1.96170058e-05
8.75422033e-06
7.00503708e-06
8.78773402e-06
1.01564485e-05
1.44909418e-05
2.42815511e-05
7.90839725e-06
2.41046330e-05
4.19090854e-05
2.87063333e-05
3.11819236e-05
8.34511612e-05
1.45566836e-05
1.98390614e-05
1.40747476e-05
1.35527298e-04
1.34176133e-04
1.17107243e-04
9.03081100e-05
1.75758471e-05
3.49538979e-05
2.79904924e-05
3.38745868e-05
3.83461012e-05
7.41910229e-05
3.66370386e-05
3.47796525e-05
3.09679439e-05
2.41684252e-05
9.20704128e-05
2.96090799e-05
1.55708694e-05
9.90998134e-06
5.33932797e-06
5.61632543e-06
7.77493739e-06
1.77332833e-05
1.17951825e-04
2.35931812e-05
1.06555189e-04
1.87230385e-04
4.83975613e-05
2.63206172e-05
1.54879487e-05
6.54311697e-05
1.64908102e-05
1.88001193e-05
2.07702348e-05
8.82434674e-05
4.34005186e-05
2.71033180e-05
4.90501349e-05
8.67214697e-05
7.19538106e-05
2.90888177e-05
2.62118714e-05
1.40549369e-05
4.11420685e-06
2.73060548e-05
1.52941821e-05
8.84618622e-05
5.32287629e-04
1.78098265e-04
3.51737098e-05
3.35394665e-05
3.50969124e-05
2.02910169e-05
5.22411795e-06
1.70971995e-05
6.81675216e-06
1.08763970e-05
1.37012660e-05
4.19697927e-05
3.77959898e-05
8.50578128e-05
9.58198111e-05
8.21002652e-05
1.92186441e-04
2.50316518e-04
1.01292865e-04
5.67909933e-05
7.63558025e-06
3.57068157e-05
1.03912766e-05
6.39641482e-05
1.53325737e-05
2.02462323e-05
6.44716013e-06
7.50905487e-06
8.95948760e-06
1.01543892e-05
4.44231562e-06
7.66209450e-06
6.40717124e-06
5.73319675e-06
1.12843640e-05
3.01450444e-05
1.69324830e-05
1.72617927e-05
2.99155252e-05
7.65579950e-05
3.30046007e-05
1.38789471e-05
1.54755527e-05
6.78887833e-05
1.55625269e-04
1.48026639e-04
2.16968828e-04
6.57618462e-04
4.31668278e-05
1.44094012e-05
2.13694291e-05
2.28439694e-05
1.97272993e-05
6.62849060e-06
5.74623873e-06
6.71564496e-06
1.66030739e-05
5.59187098e-05
3.36251924e-05
3.06820159e-05
4.39814653e-05
3.92073572e-05
4.83181963e-05
2.20832697e-04
1.19375763e-04
7.29476874e-05
6.03539857e-05
9.10637564e-05
2.52150221e-05
1.37586435e-05
3.11040785e-06
6.35747024e-06
9.34933374e-06
1.56542002e-05
1.34544161e-05
8.31344192e-06
8.30455531e-06
1.29147039e-05
8.64058174e-06
1.45542381e-05
1.31170762e-05
1.49510710e-05
2.29090433e-05
6.01401079e-05
1.15278137e-04
6.25357949e-05
1.37103207e-04
1.57913750e-04
1.79057561e-04
1.10365888e-04
3.93383397e-05
4.36341791e-05
1.79909688e-05
2.92942031e-05
3.78211923e-05
4.32407690e-05
5.75720722e-05
5.90289076e-05
7.54627894e-05
4.90365121e-05
9.95269509e-05
6.53112609e-05
1.74584325e-05
3.62552340e-05
8.30107938e-05
5.31776822e-05
6.12681616e-05
9.43531144e-05
1.93809910e-05
2.79194930e-05
1.19001055e-05
6.12049557e-06
2.34418411e-05
4.96999499e-05
1.91130910e-05
2.02544004e-05
1.12427670e-04
3.36726719e-05
1.19375512e-05
3.59567902e-06
1.40054849e-05
3.21156093e-06
4.98142267e-06
6.83450520e-05
1.21968292e-04
5.61234864e-04
1.58180288e-04
1.44519162e-04
7.11523139e-05
8.58910994e-05
6.36082488e-05
2.45662768e-05
5.85555595e-05
1.01522804e-04
8.56857909e-05
1.01056708e-04
1.71753662e-04
1.94513636e-04
6.92521828e-05
1.60013792e-04
3.47715826e-05
2.53602642e-05
3.58372285e-05
2.50369854e-05
8.41417097e-06
9.45373278e-06
1.75799235e-05
3.34688906e-06
1.43486869e-05
1.88805944e-05
7.18270196e-05
1.17704043e-05
1.29753581e-05
4.35550737e-05
1.28106516e-05
1.73958852e-05
1.97770172e-05
1.23021735e-05
1.43212678e-05
2.68578873e-05
2.53833759e-05
2.53848654e-05
3.87853999e-05
7.46183101e-05
1.27135403e-04
5.38785896e-05
6.48715436e-05
2.86157614e-05
1.85752159e-05
2.68091611e-05
1.48371011e-04
4.66295596e-05
1.10215074e-04
2.01929683e-04
1.54060391e-04
1.84168707e-04
9.04759259e-05
1.08217565e-04
4.34220900e-05
3.15443253e-04
3.29517102e-04
1.02723198e-04
8.99657451e-05
1.81003878e-04
2.75383029e-04
4.50744145e-05
8.38174115e-05
5.71799591e-05
5.49014160e-05
3.31603696e-05
3.21415158e-04
4.75835302e-04
2.07935629e-04
9.87771788e-05
1.45998630e-04
8.63522253e-05
1.09694171e-04
7.57843371e-05
4.95314204e-05
9.50464331e-05
1.13988015e-04
9.28420763e-05
2.01104868e-05
3.10371319e-05
6.55538906e-05
5.25788445e-05
2.94296264e-05
3.85140961e-05
3.90151908e-05
5.20062977e-05
2.35547429e-05
3.02839751e-05
3.95681174e-05
7.41520189e-05
3.61559094e-05
4.14968969e-05
1.25379254e-04
6.33308213e-05
7.22379228e-05
8.47905236e-05
1.12630723e-04
2.68275508e-04
3.17943680e-05
3.64753795e-05
1.15379957e-04
5.42531590e-05
4.33791404e-05
1.05027800e-04
3.29404835e-05
3.50213792e-05
3.10034183e-05
3.40153085e-05
5.55749320e-05
2.09595434e-05
2.54496099e-05
8.57361599e-05
4.30344914e-05
2.17610698e-05
3.63212354e-05
7.22198303e-05
1.44899809e-04
1.11457739e-04
1.65323682e-04
6.85761826e-05
2.68704189e-05
3.29110444e-05
2.45396048e-05
4.70980288e-05
4.40796931e-05
4.87199761e-05
4.48129031e-05
3.62787599e-05
2.70869357e-05
1.58771414e-04
5.67366577e-05
6.47699027e-05
3.10090111e-05
9.97966369e-05
8.03112073e-05
2.62057010e-05
1.59669703e-05
1.58901137e-05
2.13222821e-05
1.63418186e-05
1.12586967e-04
2.25237810e-04
1.78689427e-04
2.01278489e-04
1.55493591e-04
1.38235030e-04
3.11088390e-04
2.72771805e-04
6.17677092e-05
1.22084238e-04
4.48415562e-05
1.84819976e-05
1.15457621e-05
1.57702836e-05
1.36328297e-04
4.43307304e-04
1.67897340e-04
1.20024104e-04
9.85318221e-05
2.39468470e-04
2.17804426e-04
9.58739813e-05
5.23693057e-05
7.07640138e-05
5.95764646e-05
3.95622090e-05
6.74924358e-05
2.20880438e-04
8.30747438e-05
1.10415256e-04
2.65764414e-05
3.18711379e-05
4.77376895e-05
1.47998617e-04
4.44123479e-04
1.49871457e-04
1.00558235e-04
1.72935636e-04
9.85544335e-05
7.52728092e-05
3.05491959e-05
1.66471818e-05
1.56807700e-05
1.70888628e-05
1.94287414e-05
9.00975777e-06
8.66771699e-06
1.47626260e-05
2.86303698e-05
1.29862541e-04
6.14625540e-05
2.21449007e-05
4.80974573e-06
5.67576043e-06
1.50767986e-05
2.56389594e-05
1.11609276e-05
1.06839030e-05
1.08200041e-05
6.95873204e-06
1.26199839e-05
1.85790107e-05
1.09680895e-05
8.55626311e-06
2.12072455e-05
1.15582899e-05
1.22955032e-05
3.09023161e-05
4.18608634e-05
7.38730839e-05
1.22035599e-05
2.84522292e-05
1.24876045e-04
1.88104797e-04
1.91514636e-04
1.25069479e-04
2.63408579e-04
1.51046566e-04
1.53690019e-04
8.29554073e-05
6.99513639e-05
7.83853698e-05
2.33553312e-04
1.42939364e-04
2.91729306e-04
1.34905374e-04
3.02590622e-04
1.89227737e-04
1.81627926e-04
1.02285986e-04
1.40983655e-04
2.93671450e-04
1.03851526e-04
6.33424374e-05
3.91535742e-05
3.72182190e-05
4.63888807e-05
3.60497666e-05
1.80945474e-05
7.94246826e-05
5.25453290e-05
2.76307837e-05
3.98743036e-05
5.10576565e-05
2.74670705e-05
2.51180630e-05
6.18790396e-05
5.41452813e-05
8.58997738e-05
1.86979854e-04
8.25321460e-05
1.91323978e-04
1.17986189e-04
1.19807937e-04
1.57167613e-04
3.09231400e-05
1.05383520e-05
1.77088561e-05
5.22253953e-05
2.36799525e-05
1.89575306e-05
2.04029294e-05
1.89780083e-05
1.02309295e-05
1.16124671e-05
1.02986064e-05
8.70853358e-05
3.84090738e-05
9.04531768e-06
1.54535437e-05
5.88438935e-05
9.66866536e-05
4.01378828e-05
2.97050467e-05
3.07870086e-05
6.24869205e-05
1.70460900e-04
1.44718725e-04
2.47530306e-04
1.43012253e-04
5.38165425e-05
5.50297912e-05
1.90088800e-05
2.66066462e-05
1.45857918e-04
1.31545054e-04
6.04655812e-05
6.19625485e-05
6.99055691e-05
1.04145907e-04
7.90532599e-05
7.73202319e-05
5.81972825e-05
1.09365686e-04
9.06255721e-05
6.18578533e-05
2.98466914e-05
7.68817443e-05
8.06115184e-05
6.14325767e-05
7.69727341e-05
2.57133429e-04
2.04073237e-04
1.59614199e-04
1.56498229e-04
3.92270701e-05
3.70784073e-05
2.56240214e-05
3.74695960e-05
1.76205159e-05
2.50120493e-05
9.24686198e-05
1.74054058e-04
9.73184549e-05
2.01761310e-04
1.52903173e-04
1.35800633e-04
1.06072934e-04
4.05281735e-04
5.11955113e-04
9.56115458e-05
4.63925036e-05
1.08238955e-04
3.24369127e-05
7.75936889e-06
1.83221727e-05
2.44279186e-05
2.83969835e-05
4.84573868e-05
7.65254978e-05
8.32289982e-05
1.38545527e-04
4.81071188e-05
4.38677923e-05
8.21266378e-05
4.11904087e-05
8.05464722e-05
1.18078034e-04
6.24333504e-05
1.20262142e-04
2.82321521e-04
1.55410208e-04
1.27710250e-04
1.00046311e-04
1.60826723e-04
3.84818396e-05
3.07509511e-05
8.23409616e-05
9.02299869e-05
1.42740804e-04
1.31180704e-04
1.27815846e-04
3.75460995e-05
4.86984939e-05
8.90383189e-05
1.10579978e-04
1.55045115e-04
1.23798300e-04
1.10546357e-04
4.46158671e-05
7.64045757e-05
1.29862964e-04
8.37082057e-05
2.82846113e-05
7.60563674e-06
2.25206496e-05
1.65328231e-05
6.09831319e-05
5.22665727e-05
4.22603340e-05
4.27517737e-05
4.97264034e-05
4.88809355e-05
2.96516944e-05
1.71910362e-05
2.32970810e-05
1.84560417e-04
1.36535802e-04
7.75566278e-05
3.76169431e-05
1.95363468e-04
1.25665561e-04
1.43564812e-04
1.06874488e-04
2.15908084e-04
4.44488150e-04
2.70854280e-04
5.73707158e-05
2.59644296e-05
8.02974454e-06
2.09675658e-05
9.08164591e-06
2.21797501e-05
1.65817730e-05
2.01366227e-05
1.14836903e-05
1.44631436e-05
2.72543406e-05
4.33998858e-05
3.88775655e-05
7.04162212e-05
1.86488938e-05
3.02997607e-05
5.62386367e-05
3.22471897e-05
3.83048282e-05
5.09228002e-05
1.27796998e-04
2.20094014e-04
2.52717802e-04
2.00285188e-04
4.89415568e-05
3.27701969e-05
3.63289698e-05
4.86740965e-05
1.30783736e-04
1.27600753e-04
9.66404772e-05
6.10799330e-05
7.91435203e-05
6.42062700e-05
2.75873380e-04
1.46031270e-04
9.97908246e-05
1.03026280e-04
2.45370679e-05
5.84774639e-05
7.02126626e-05
9.61563992e-05
7.93448766e-05
2.13875078e-04
1.43854954e-04
4.43759156e-04
9.50838474e-05
2.06568063e-04
9.05216395e-05
1.49261712e-04
1.06823817e-04
5.80548573e-04
1.38287121e-04
7.60070221e-05
6.11979658e-05
2.15807863e-04
4.49098994e-05
1.09415159e-05
7.80863015e-06
7.82902607e-06
2.95800678e-05
1.43946176e-05
2.15730914e-05
1.73836695e-05
2.47708271e-05
6.21178302e-05
7.01170899e-05
9.25572419e-06
6.55491360e-06
6.99173664e-06
4.43569096e-06
1.18069650e-05
1.66716332e-05
4.59979996e-05
5.94804203e-05
1.89056293e-05
3.16099651e-05
2.89583106e-05
1.68108865e-04
3.77654686e-04
1.25264438e-04
1.07886338e-04
3.91520211e-05
6.29886710e-05
6.79961578e-05
1.43950317e-05
4.82796625e-05
1.62645107e-04
5.75547600e-05
1.52826729e-04
1.37288982e-04
3.69815663e-04
2.06374710e-04
2.14201469e-04
1.58103769e-04
1.14077983e-04
1.78404462e-04
5.86005588e-05
5.55117079e-05
2.43130023e-05
2.18627740e-05
3.72877606e-05
3.35404859e-05
2.26923253e-05
1.48646685e-05
5.24179492e-05
9.08363753e-05
3.16117598e-05
4.37394812e-05
4.37129937e-05
9.46497327e-05
3.66401237e-05
4.25267612e-05
4.79515782e-05
8.21872830e-05
3.20734966e-05
2.30762658e-05
1.76149852e-05
9.65325807e-05
2.16679244e-04
3.44309848e-04
2.06161422e-04
8.80624222e-05
1.27322387e-05
2.19271855e-05
1.31783396e-04
4.80674195e-05
3.26624046e-05
7.72534019e-05
9.48571217e-06
5.36404603e-06
1.03146249e-05
2.72431719e-05
2.08137703e-05
6.49896011e-05
9.95346700e-05
7.48892158e-05
9.07401889e-05
2.30539384e-04
2.38761190e-04
6.11753882e-05
4.23057712e-05
2.69707269e-05
4.98748759e-05
6.64697676e-05
2.04019375e-04
5.82732131e-05
3.76946247e-05
2.40830414e-04
1.07942124e-04
7.51155763e-05
9.76595912e-05
4.02296248e-05
3.16807500e-05
1.06123126e-05
7.31246040e-06
1.03989281e-05
6.42253787e-05
1.74724566e-05
8.78006171e-06
1.75874328e-05
2.22646910e-05
5.97779568e-05
3.72467060e-05
3.89900441e-05
2.57559664e-05
3.86306778e-05
7.89195677e-05
2.84492982e-05
6.01509233e-05
7.30571614e-05
1.60265564e-05
1.28629659e-04
1.68922128e-04
9.45578175e-05
1.33391626e-04
2.64241344e-04
2.50244276e-04
2.02421117e-04
7.40272958e-05
2.98749830e-05
4.23929168e-05
7.48882091e-05
5.99557425e-05
1.34593172e-04
1.04568655e-04
4.87589337e-04
3.28718934e-04
3.42238008e-04
7.49002763e-04
5.61889236e-04
1.57740431e-04
1.32261856e-04
1.21096456e-04
4.49462258e-05
2.17598152e-04
2.02874563e-04
7.23620250e-05
6.01139525e-05
4.27160395e-05
1.22407485e-05
1.59663029e-05
9.08249741e-06
1.44847510e-05
2.02099929e-05
3.36526898e-05
1.89826977e-05
6.29657233e-06
1.18995660e-05
1.64148235e-05
9.40866391e-06
2.07557301e-05
1.67102231e-05
2.08761002e-05
1.89513574e-05
3.02655197e-05
1.54394320e-05
1.83538279e-05
1.88663791e-05
4.67053499e-05
1.05213857e-04
8.06712628e-05
1.03461279e-04
1.63166774e-05
4.41343046e-05
3.73110620e-05
4.95374937e-05
1.09115334e-04
1.10652234e-04
8.86814186e-05
8.71597093e-05
4.90472074e-05
9.90507520e-06
6.64807917e-06
8.70574282e-06
2.60166513e-05
7.46842158e-05
2.48794746e-05
2.53253764e-05
1.87429376e-05
3.38313957e-05
8.97464149e-05
5.93030761e-05
1.26218862e-05
4.91944006e-05
5.01770009e-05
1.71556061e-05
4.66535841e-05
1.03263830e-04
3.14816110e-05
6.18999822e-06
1.39335850e-05
7.49220441e-06
1.18764090e-05
1.02902442e-05
1.56016946e-05
7.95959468e-05
8.26852662e-05
4.48551806e-05
4.22568219e-05
1.81825443e-05
2.20228841e-05
7.30715303e-05
8.83204650e-05
9.59127362e-05
6.92570558e-05
5.75101974e-05
8.84778011e-05
4.05868980e-04
2.95971403e-04
1.21435470e-04
7.60677668e-05
4.06070099e-04
3.33172862e-04
1.74485788e-04
2.41173489e-04
1.70973323e-04
1.78076415e-04
2.75823833e-05
8.06302094e-05
1.76608169e-04
5.60178815e-05
3.55921201e-05
3.74803602e-05
8.89889596e-05
3.03514704e-04
3.65400754e-04
4.94661797e-04
2.38415071e-04
2.68515470e-04
4.10269030e-04
6.00453653e-05
8.70490684e-05
3.47735508e-05
2.29734231e-05
6.18656160e-05
2.36525435e-05
1.21164649e-05
1.09363165e-05
1.55324526e-05
2.86232702e-05
5.32520223e-05
3.89308849e-05
1.39685435e-05
2.54210164e-05
2.78978309e-05
2.88630896e-05
6.67755427e-05
1.16465629e-04
2.19187045e-04
1.35836452e-04
2.27732371e-04
8.00227943e-05
4.34196191e-05
6.10212408e-05
9.90154064e-05
1.00123314e-04
2.00715076e-05
2.80050631e-05
6.19408950e-05
8.37848279e-05
1.05543606e-04
1.36507409e-04
6.62293092e-05
6.97903201e-05
1.58358919e-04
4.59632934e-04
2.29328092e-04
7.60014661e-04
4.16641925e-04
1.27337249e-04
1.47363526e-04
2.30338555e-04
3.36906240e-04
2.24262160e-04
5.48269212e-04
1.13011671e-04
9.06476488e-05
1.32627406e-04
1.10229088e-04
1.66175275e-04
7.81966334e-05
7.70571729e-05
7.72418402e-05
5.54902851e-05
4.12459253e-05
2.09909654e-05
1.84299248e-05
2.66712736e-05
1.35453327e-05
5.91647809e-05
1.02749285e-04
5.53224284e-05
8.99533571e-05
1.28302939e-04
1.16372355e-04
1.66839990e-04
1.28205792e-04
7.89128880e-05
1.01688198e-04
3.62505551e-05
1.41680093e-05
2.22310497e-05
8.60351320e-06
4.47113962e-05
2.61656910e-05
1.51072142e-05
1.40310206e-05
2.68316334e-05
5.67575766e-05
2.55519286e-04
7.78495728e-05
7.00441142e-05
2.50813980e-05
1.55837382e-04
9.00138589e-05
6.95369450e-05
2.77352720e-05
2.57192951e-05
5.18639688e-05
1.33878440e-04
5.11651635e-05
5.61900943e-05
1.29342451e-04
1.65924177e-04
1.32964478e-04
4.50502561e-05
7.45876630e-05
1.76609078e-05
2.22052923e-05
7.80623227e-05
5.71725782e-05
3.37974601e-05
3.90278980e-05
4.19127175e-05
2.61873605e-05
2.03263161e-05
1.46945925e-05
1.76420556e-05
3.59239341e-05
2.01141221e-05
1.48176608e-05
1.27063866e-05
9.21529325e-06
9.55981928e-06
3.92392650e-05
3.79322846e-05
5.87378940e-05
4.74119756e-05
1.41023786e-04
6.33703137e-05
1.51991742e-04
4.24305990e-05
2.49151731e-05
5.87647775e-05
8.96195940e-05
2.37332923e-05
1.80529407e-05
9.41010465e-06
5.43156364e-05
9.60656223e-05
5.62090198e-05
1.07681707e-04
1.12786696e-04
6.37544958e-05
1.24770240e-04
1.47411920e-04
1.49502506e-04
9.04569128e-05
1.70856135e-04
1.12041336e-04
1.87647288e-04
1.41475583e-04
9.28489197e-05
1.15208724e-04
1.48391280e-05
1.65332368e-05
1.23508431e-05
1.24282861e-05
1.69328005e-05
5.28752290e-05
4.98066597e-05
4.79770925e-05
5.81382813e-05
5.28738076e-05
3.26809751e-05
4.38694616e-05
6.02741107e-05
9.23800277e-05
7.96931240e-05
1.41033945e-04
1.17128478e-04
1.03266731e-04
3.03260590e-05
3.03573746e-05
6.07329805e-05
8.78135516e-05
1.17104379e-04
3.93512593e-05
1.64914594e-05
4.19058949e-06
1.76710265e-05
1.54520651e-05
5.03301676e-05
7.57781726e-05
9.34860224e-05
2.47630641e-05
5.57407187e-05
5.54751066e-05
3.73848331e-05
1.25541648e-05
8.20747381e-05
3.32850674e-05
9.51483348e-05
2.61747010e-04
2.90170266e-04
1.89957898e-04
5.43549767e-05
3.45556002e-05
1.53201600e-05
5.13894846e-05
3.62313051e-05
3.67119005e-05
3.05097511e-05
1.70096427e-05
1.34285422e-05
1.30442655e-05
6.18096477e-05
2.67326756e-05
1.14451740e-05
3.81459942e-05
1.63870057e-05
1.96733895e-05
1.81317710e-05
5.09534190e-05
3.94013294e-05
2.26078783e-05
1.20358319e-05
2.49797149e-05
2.22278093e-05
7.25927783e-05
1.09214936e-04
3.71851831e-05
3.10971225e-05
1.96969126e-05
2.39752327e-05
2.39804441e-05
4.12374514e-05
1.27095121e-04
9.24894020e-05
8.54422953e-05
2.34488750e-04
2.32671861e-05
7.69218163e-06
2.85224538e-05
2.10209484e-05
7.45682886e-06
6.22075661e-06
7.15471041e-06
6.14384226e-06
1.27198708e-05
1.18777322e-05
6.64816794e-05
7.17226380e-05
6.01096311e-05
4.50065037e-05
1.03474946e-04
2.25994566e-05
2.75655957e-05
1.66029918e-05
1.47050473e-05
1.24779324e-05
2.86105219e-05
4.80764539e-05
2.00426702e-05
8.87183787e-05
3.01386251e-05
4.59418574e-05
2.80976481e-05
1.39357327e-05
2.15240601e-05
1.67885244e-05
1.70514555e-05
1.81248929e-05
1.02600026e-05
2.78837633e-05
1.97839527e-05
1.47993187e-05
1.09784664e-04
1.92669409e-04
6.73184242e-04
2.83610184e-04
2.85659984e-04
9.79081848e-05
3.81798338e-05
2.65336969e-05
2.74986976e-05
1.97233130e-05
1.25822347e-05
2.20641389e-05
2.67968934e-05
2.72411740e-05
4.17059553e-05
1.87977772e-05
8.96191976e-06
4.56763912e-05
1.67293309e-04
2.08642640e-04
4.82027345e-05
4.48441900e-05
1.30763915e-04
1.00815419e-04
2.76752922e-05
1.48476045e-05
5.16330427e-05
5.34963778e-05
2.31805849e-05
1.99995183e-05
1.18396322e-05
4.19284407e-05
4.55103149e-05
3.06084653e-05
5.12002560e-05
6.31957223e-05
9.17179403e-05
1.13073906e-04
1.55984807e-05
3.58680152e-05
1.60394639e-05
1.04589786e-05
1.22506917e-05
1.57168468e-05
1.37812040e-05
3.00890217e-05
8.43616469e-05
2.92272478e-05
3.64056307e-05
3.58942076e-05
3.23243462e-05
8.26471992e-05
3.49710112e-05
1.43302500e-05
1.74558424e-05
2.11304213e-05
5.60959732e-05
8.72030342e-05
3.18501480e-04
1.58803738e-04
8.11476722e-05
7.69393144e-05
1.50498370e-04
5.88781244e-05
1.95784190e-05
3.14694728e-05
1.40388828e-05
2.24198584e-05
9.07876957e-05
1.67062738e-04
1.58176069e-04
2.08356219e-04
1.61934210e-04
1.35634524e-04
2.76081926e-04
5.48284333e-05
1.16116489e-04
5.84331426e-05
1.38627135e-04
1.21900297e-04
1.56171130e-04
8.99807847e-05
2.15033840e-04
2.15569430e-04
9.41531175e-05
8.76157821e-05
5.18191799e-05
3.28239154e-05
1.18691951e-05
1.82714255e-05
1.07206914e-05
1.19506207e-05
4.84885764e-06
5.91487712e-06
5.72434523e-06
3.92739432e-06
7.39524308e-06
1.48271114e-05
1.50191309e-05
1.57319047e-05
2.16642952e-05
6.86654674e-05
3.91481167e-05
2.18179756e-05
2.15578461e-05
6.99005999e-06
8.03546855e-06
1.04995023e-05
1.49313270e-05
7.45468331e-06
1.32397152e-05
4.30561626e-06
8.68827881e-06
1.16616578e-05
1.37487465e-05
1.69781687e-05
7.06268299e-05
2.00260441e-04
1.80178662e-04
2.11920341e-04
1.70587611e-04
7.71762048e-05
1.51495143e-04
7.60838490e-05
6.33286126e-05
3.76217196e-05
3.03797423e-05
5.69570017e-05
2.64018189e-05
1.31881261e-04
1.66902348e-04
5.49864407e-05
1.37053572e-04
1.53088052e-04
1.19003265e-04
4.40501789e-05
4.54780278e-05
4.25327431e-05
5.38241880e-05
1.69659350e-04
3.18738200e-04
3.65389279e-04
3.55040303e-04
2.40052179e-04
1.76293364e-04
4.06435632e-04
3.01688077e-04
4.27779436e-04
4.66013132e-04
2.69086243e-04
1.23420299e-04
1.29823449e-04
5.45521801e-05
1.69067027e-04
1.88514134e-04
3.19710981e-04
1.11022947e-04
2.78467465e-04
3.67809694e-04
2.33258303e-04
1.63786587e-04
1.10072000e-04
3.54640659e-04
8.11829815e-05
2.74111551e-04
2.18967431e-04
5.71785998e-05
1.41110026e-05
5.42964296e-05
9.08280646e-05
2.20284222e-05
4.27335353e-05
1.89147394e-05
2.53046201e-05
2.46332786e-05
3.32203853e-05
3.03690887e-05
4.11889995e-05
4.30302226e-05
9.19070815e-05
1.26893640e-04
1.02182432e-04
