5.84739942e-05
1.56256687e-04
3.05337613e-05
1.97244320e-04
5.34541634e-05
6.36203727e-05
2.25319207e-04
5.73528999e-05
3.91889568e-05
5.29641219e-05
1.18131619e-04
9.29058720e-05
2.62775668e-05
2.00462803e-05
1.24931263e-04
1.78876555e-04
1.31894907e-04
1.17124203e-04
3.29071558e-05
3.09934558e-06
1.07057644e-05
2.76901500e-05
3.51679571e-05
2.82070961e-05
2.09257358e-05
1.24675705e-05
3.12728059e-05
1.51509023e-05
6.92893519e-05
1.05404984e-04
4.43172193e-05
3.57148699e-05
3.14385219e-05
1.00884044e-05
1.34952829e-05
1.09114899e-05
9.76831780e-06
3.26261252e-05
4.45763529e-05
7.87002634e-05
3.43108537e-05
2.52983308e-04
7.52314801e-05
3.90383316e-05
8.22715890e-06
5.49296351e-06
1.88973389e-05
7.99115893e-06
1.29673264e-05
7.52269169e-05
1.94384613e-05
6.83306187e-05
1.01759646e-04
3.05174629e-04
4.29517927e-04
1.43607968e-04
4.61227667e-05
1.98811112e-04
1.14290719e-04
1.95253833e-05
3.18404537e-05
6.42546017e-05
1.30797558e-04
4.11489449e-05
1.73006086e-04
1.33667195e-04
3.59545819e-05
4.52664664e-05
2.46659362e-05
4.98157517e-06
1.73213155e-05
3.72628862e-05
3.88336566e-05
3.48795797e-05
6.45874608e-06
2.31753042e-05
1.23417668e-04
1.51438005e-04
6.96309927e-05
7.48072398e-05
4.49701805e-05
7.00328841e-05
3.74735747e-04
4.02752613e-04
2.65980751e-04
1.70417940e-04
6.46385909e-05
1.47582872e-04
9.66297129e-05
8.47754005e-05
2.51990388e-05
2.19872274e-05
9.43794680e-06
1.52568514e-05
3.62841200e-05
7.85343647e-06
1.86754081e-05
7.84758148e-05
1.42480078e-04
1.93452184e-05
9.18019298e-06
4.02731924e-05
1.87781333e-04
3.80606016e-05
1.66550622e-05
1.24360108e-05
2.37661519e-05
2.42783730e-05
1.32487523e-04
2.40512991e-04
2.47759600e-04
6.37629065e-04
4.44528461e-04
4.79027475e-05
8.94054047e-05
4.31155485e-04
1.52995826e-04
2.87265171e-05
1.62622586e-05
1.33620327e-05
1.99321816e-05
2.31972116e-05
1.70538221e-06
3.50211396e-06
9.41306350e-05
2.46916914e-05
7.69442147e-05
1.84236513e-05
8.60289320e-06
6.31971730e-05
3.09806057e-05
3.59421477e-06
1.13378916e-05
7.27743310e-06
5.62162504e-06
7.50776146e-06
7.38945147e-06
2.45371550e-06
4.03258088e-05
3.98238895e-05
2.72780528e-04
1.19989764e-04
1.10348265e-04
3.41441359e-06
5.52233314e-06
3.87022463e-06
1.68148205e-05
2.38381195e-04
1.57793023e-05
1.08602361e-04
7.02944033e-05
1.42951996e-04
1.43762724e-04
1.25869488e-04
7.25911781e-05
1.65661491e-04
5.39117064e-04
5.75096779e-04
7.40288471e-04
1.08409091e-03
1.47463220e-03
1.01759431e-03
9.26799190e-04
3.63111348e-04
3.99234089e-04
4.86333777e-04
9.26356868e-04
2.80287494e-04
7.31728617e-06
1.80312329e-05
9.57843587e-05
2.90324644e-04
1.26805058e-04
5.35775279e-05
2.13091840e-04
6.30596111e-05
7.14629217e-05
2.31750756e-05
4.28351561e-05
6.96376134e-07
4.03071997e-06
1.65114915e-05
3.66793394e-05
1.79568369e-05
1.59590596e-05
5.15955201e-05
3.34046106e-04
3.22460527e-04
1.07553055e-04
3.13117032e-05
1.96888094e-05
4.17410015e-05
6.72700083e-05
8.92212611e-05
6.65515970e-05
3.63479838e-05
3.94786962e-06
3.19338295e-05
2.25635578e-05
1.61736224e-05
9.96330323e-06
8.61934684e-05
9.04504094e-05
3.93090741e-06
8.99646177e-07
2.52236118e-06
5.46889256e-06
1.48555035e-05
5.96455862e-06
1.09703972e-06
3.15379514e-06
8.65124312e-06
5.58834357e-06
1.28343112e-05
3.76644451e-05
4.08524451e-05
5.89438332e-05
2.65807285e-05
1.70773077e-05
3.73010517e-05
5.41565866e-05
1.66596337e-05
1.04684430e-05
2.08963160e-05
1.92805444e-05
1.67297637e-05
7.88955958e-06
1.43523421e-05
1.29289545e-05
3.16319616e-05
4.59316720e-05
3.35550748e-05
1.01804141e-05
3.90381986e-05
7.82243506e-05
1.48505703e-04
5.34146348e-04
9.82701237e-05
1.58548416e-04
4.11951199e-05
1.36500907e-05
4.33074143e-05
5.32942461e-05
3.55804722e-05
2.35503050e-05
1.55285368e-05
2.22453859e-07
7.52334822e-06
2.44901401e-05
2.36372465e-06
4.62386417e-06
7.94182929e-06
1.66730365e-05
6.56420020e-05
5.28940940e-06
6.16591921e-06
3.92536754e-05
1.97283664e-05
6.18583140e-05
2.00932978e-04
2.41481158e-04
2.10448245e-04
2.84910343e-04
5.14625718e-05
4.45762622e-05
2.21557288e-05
1.29200977e-04
1.53423016e-05
5.87594572e-05
4.01320335e-05
3.56361787e-05
1.27455003e-05
1.49513627e-05
4.96815886e-05
1.22643709e-04
4.59300908e-05
1.30339360e-04
8.60148071e-05
1.08373413e-04
5.77333107e-05
2.05986132e-05
4.58803342e-05
1.39674024e-05
6.88329792e-06
4.45917820e-06
1.12928276e-05
5.96877707e-05
3.63546106e-04
1.61710151e-03
2.92024698e-04
1.54888774e-04
6.87072930e-05
1.70026396e-05
1.00174881e-04
9.24670866e-05
2.46979478e-05
1.41762435e-05
3.58783530e-05
3.69398771e-05
3.23943779e-06
4.22380278e-06
1.78726748e-05
1.31938761e-05
3.52931687e-06
3.33401323e-06
1.08856715e-05
9.70251258e-06
2.96326328e-05
1.33595549e-05
1.91663200e-05
2.60879511e-04
4.52211686e-05
6.66193896e-05
1.39240576e-04
5.18290133e-05
1.16654691e-04
1.14327801e-04
6.79011134e-05
7.92010803e-05
7.51014129e-06
5.63788241e-06
2.06204858e-05
2.91900887e-05
8.76244019e-05
9.18178258e-05
8.00389768e-05
8.62689881e-05
8.98557125e-06
5.92192292e-05
3.60417849e-04
9.79236351e-04
5.80727672e-04
4.40726849e-04
1.49992010e-04
2.79364737e-05
3.67654561e-05
4.04681429e-06
1.15707099e-06
5.71350368e-06
2.45879130e-06
7.92195183e-06
3.20171817e-06
9.80217037e-06
3.91070680e-05
6.33257323e-05
1.95940629e-05
1.04823405e-05
8.39491669e-05
1.72030112e-04
2.55731958e-04
2.33458871e-04
1.49433988e-04
7.62118436e-05
3.93423663e-05
2.16571341e-06
3.82571543e-06
9.33449972e-06
1.95551554e-05
2.93326429e-05
1.06765061e-04
4.08386821e-05
1.09037736e-05
7.66658562e-05
2.19577339e-04
1.04265736e-04
1.30610977e-04
8.10642211e-05
3.48937533e-04
7.18863210e-04
3.76195073e-04
1.78096972e-04
3.91380298e-05
6.17548491e-05
4.59338505e-05
1.34289624e-04
4.86006342e-04
8.86482415e-05
3.36090501e-05
6.91845727e-05
3.74585162e-05
9.64665567e-06
2.41780536e-05
4.95337147e-05
4.22315697e-05
7.85822755e-05
2.07945022e-05
3.43838463e-05
1.10277951e-04
2.19326534e-05
1.89987039e-05
2.32085022e-05
1.60480456e-05
4.11975315e-05
2.49918107e-05
9.83892823e-05
3.94771081e-04
6.02952995e-05
2.12236009e-04
1.58069204e-04
6.80713995e-05
1.51080478e-04
3.94981812e-05
3.22474856e-05
2.74820338e-05
1.24926152e-05
1.98060927e-05
2.83619319e-05
1.71608659e-05
6.08401479e-06
5.88426844e-06
4.55590555e-05
5.87768895e-04
2.43436616e-04
6.66083345e-05
4.99253268e-05
9.40782355e-05
1.08867721e-05
1.15303623e-05
2.81208802e-05
3.74970681e-06
6.94160383e-05
1.72279039e-05
5.06272149e-06
9.45141211e-06
3.21456507e-05
1.25518067e-04
5.97194071e-05
7.28606822e-06
1.67394497e-05
1.26126111e-05
4.22884556e-05
3.70792883e-05
2.78079466e-05
4.79059448e-05
5.28767743e-05
1.30319359e-04
4.93514693e-05
2.74259219e-05
7.33729737e-06
3.56193034e-05
5.58436100e-05
1.20713572e-04
1.20823643e-05
2.70982083e-05
6.18660080e-05
2.30257280e-05
4.16128878e-05
3.24554396e-05
8.04531092e-06
1.73774136e-05
3.59025130e-05
4.56807452e-05
3.22274455e-04
3.73262878e-04
3.22494998e-05
5.00948264e-05
5.90532151e-05
4.06349550e-05
1.54627843e-05
3.29771191e-05
8.47131015e-06
5.29258710e-06
1.72405168e-05
4.89222945e-05
5.19894408e-05
7.41172590e-06
9.04825719e-06
7.85564142e-06
3.52919288e-05
8.61839330e-05
6.83898598e-05
2.47955673e-05
7.69627896e-06
3.82415873e-06
4.42335360e-06
6.35157202e-06
2.05609441e-05
1.10919395e-05
2.08812442e-05
7.85789945e-06
1.22437564e-05
6.36744941e-06
6.61954909e-07
4.59283278e-06
6.45286522e-06
4.22307586e-06
2.96457972e-05
1.04398265e-05
8.47198099e-06
4.50066029e-06
1.80136320e-05
7.28464361e-05
1.10398802e-04
7.26386871e-06
3.16612715e-06
1.15472896e-05
1.30287066e-05
2.39721200e-05
9.16797440e-06
1.87721460e-05
4.21219156e-05
7.06246220e-05
6.16744105e-05
8.71271617e-05
1.01246452e-04
1.06863433e-04
1.37843169e-04
6.02819566e-05
3.99439240e-05
1.24471434e-05
8.86030945e-06
4.57678894e-06
3.36864114e-05
5.58391107e-05
3.00466530e-05
5.99578977e-06
1.17262723e-05
2.22281757e-05
6.68005629e-05
1.96095942e-04
4.16258182e-05
1.31237802e-05
1.18398500e-05
2.10913356e-05
1.68402547e-05
7.28665063e-05
1.05697838e-04
3.17465734e-04
2.44535079e-04
6.43334251e-05
1.54827323e-04
1.44275955e-04
1.11205871e-04
1.58712479e-04
6.61633353e-05
2.75866499e-05
3.02300592e-05
1.27418456e-05
2.42571351e-05
9.56238869e-05
1.40542358e-04
4.97961642e-05
8.59001563e-06
3.60460218e-06
3.71949355e-06
3.71714160e-06
3.40195927e-07
1.85619065e-07
1.20138663e-07
8.67655366e-07
3.77643617e-05
2.48174952e-05
6.65768307e-06
3.18404063e-06
2.28824785e-05
1.98327232e-05
4.89080961e-05
9.35017667e-05
3.89278751e-05
7.48107396e-05
2.82701784e-05
4.28121403e-05
4.60643663e-05
1.53059309e-05
2.67133555e-06
4.57432257e-06
1.39057524e-06
2.29827898e-05
4.65973977e-05
4.48563614e-05
1.66939498e-05
9.37656395e-06
1.69609778e-05
2.48599083e-05
2.04118328e-05
2.82583513e-05
5.50326195e-05
8.54752423e-05
3.79659894e-04
3.28707444e-04
1.79549874e-04
1.64314592e-04
3.15183116e-05
3.18779752e-05
2.24131085e-05
3.77486935e-05
2.42743200e-05
1.18122473e-05
9.30794484e-06
1.22395616e-05
1.33946173e-05
1.25041501e-05
1.24311470e-05
1.92682085e-05
7.78353687e-05
6.03568052e-05
4.14143125e-05
9.72288449e-06
1.54704370e-04
2.48458244e-04
1.18108647e-04
2.76398238e-05
2.31746451e-05
1.70905693e-05
1.21028531e-05
3.49258841e-05
1.17923053e-05
1.78155370e-05
1.13980775e-05
2.59470877e-05
8.46050784e-06
3.43315886e-05
3.59344229e-05
6.07238288e-05
3.54851400e-05
1.05285738e-04
1.83774954e-04
1.69560625e-04
3.73779194e-04
2.13098637e-04
8.73907816e-05
1.43256009e-04
4.28359796e-04
2.09046446e-04
1.06597848e-04
6.82123759e-05
6.51536727e-05
2.08400639e-04
1.67219963e-04
1.20107324e-04
6.56433448e-05
7.59781765e-06
5.52904250e-06
6.08362978e-06
4.46535304e-06
1.27267884e-05
1.95148553e-05
6.52798039e-05
4.56184433e-05
1.98495868e-04
2.54545504e-04
5.56503565e-05
2.23707181e-05
2.84986035e-05
1.72476123e-05
1.90664844e-05
3.66776736e-05
2.93112714e-05
3.24111552e-05
2.28261669e-05
1.45425904e-05
6.15863387e-05
6.97479264e-05
4.94804358e-06
5.28116406e-06
4.23090338e-05
5.37630895e-05
4.80480373e-05
8.35529665e-05
7.32934624e-05
5.17507229e-06
3.66872918e-06
2.54591129e-05
4.11378665e-05
3.02928551e-05
7.11654769e-06
2.97055450e-05
1.21310878e-05
6.02416806e-06
1.89747309e-05
1.99858061e-04
8.22218291e-05
7.05838943e-05
7.05778876e-05
5.95917499e-05
5.41864284e-05
3.92757208e-05
3.56306537e-05
6.70687062e-05
4.51344818e-04
1.62419886e-04
3.68373034e-05
2.68775402e-05
6.79328904e-06
5.16412016e-05
1.99959173e-05
1.85476619e-05
1.07000858e-05
3.80762038e-06
1.95414180e-05
3.78565032e-05
3.70603101e-05
1.52067427e-04
1.02311598e-05
2.23285791e-04
5.75451241e-04
3.62456904e-04
1.25590270e-03
1.75821271e-03
1.04410708e-03
1.85396142e-03
4.65450558e-04
1.59438083e-04
9.42438596e-05
1.07721520e-04
2.78377384e-04
9.51313681e-04
2.04596339e-04
5.48336899e-05
4.03596749e-05
2.02629375e-05
1.42712513e-05
1.20898839e-05
8.86655742e-06
1.31128884e-06
1.85758747e-05
5.21087848e-06
3.70162501e-06
8.65517855e-06
8.64735987e-06
1.39685755e-05
8.53673981e-05
2.64508795e-04
7.07400520e-05
4.46755112e-05
3.62433786e-05
5.70207599e-05
1.88974780e-05
6.03495953e-06
1.08571998e-05
1.77459189e-05
3.55036748e-05
2.72430135e-05
1.38451671e-05
7.89345985e-06
4.87534734e-06
7.39790906e-06
1.01347364e-05
7.43065544e-06
3.27164593e-05
1.63297334e-04
5.62862457e-05
2.74647633e-05
3.29913209e-05
5.44882956e-05
3.10683783e-05
4.62993977e-05
1.45294339e-04
7.70078016e-05
9.19724122e-05
2.93436644e-05
4.69971823e-05
3.64226659e-04
9.93133980e-05
4.75449964e-05
5.43545891e-05
6.39154393e-05
1.10626231e-04
4.57266240e-05
8.82514661e-06
2.20134630e-06
8.82571865e-06
8.99745387e-06
7.26966750e-06
3.15881901e-05
1.51247300e-05
1.63846862e-05
4.02907816e-05
3.26251089e-05
6.16286847e-05
2.42608562e-05
1.77340362e-05
3.85523591e-05
6.92372774e-05
1.03929171e-04
8.03454923e-05
1.82999072e-05
1.89922508e-05
6.08579363e-06
5.89122158e-05
1.78920152e-04
1.89466169e-05
1.74925496e-06
9.10673598e-06
5.58277275e-06
9.76924227e-06
1.71357104e-05
5.35223845e-05
6.64320421e-05
2.01001057e-04
4.31402462e-05
7.30971837e-05
2.34179894e-04
1.26471440e-04
2.80903198e-05
2.45665557e-05
1.89912540e-05
1.13128111e-05
1.29594137e-05
7.47829709e-05
1.03158729e-04
1.88963437e-04
3.07271017e-05
5.27469154e-05
4.63370285e-05
2.09605673e-05
5.30920044e-05
3.08303596e-05
2.94441727e-05
4.93367004e-05
1.82839261e-05
1.78489986e-05
9.98297942e-06
9.72972073e-06
1.17798720e-04
6.55485001e-04
5.53641075e-04
7.01165111e-04
1.50767102e-04
1.08873442e-03
5.03562481e-04
1.01282989e-04
4.01745434e-05
2.45555354e-05
3.70582673e-05
2.08821444e-05
2.48744712e-05
5.51725591e-05
2.97427304e-05
1.46061757e-05
9.42796970e-06
1.29092753e-05
1.65245198e-05
2.04861091e-04
7.12216142e-05
4.90825692e-05
1.32143306e-04
1.43058191e-05
3.68357672e-06
7.65852548e-06
1.84852134e-06
2.53156174e-07
1.08657996e-06
2.43143154e-06
7.87418688e-06
5.14086161e-05
4.25855980e-05
4.53670312e-05
5.34390905e-05
2.15831751e-04
2.74751771e-04
1.20520737e-04
4.12778366e-05
7.74084086e-06
1.34465375e-05
6.94125533e-05
4.07454722e-05
3.73832887e-05
2.33569071e-04
1.23282529e-04
5.27917804e-05
3.44723751e-05
2.88920975e-05
2.83192548e-05
8.69542976e-05
1.30063275e-04
9.13537353e-05
1.11813819e-04
9.28265478e-05
4.70950510e-05
5.19548855e-05
4.10283172e-05
7.91906693e-05
1.91735371e-04
5.89868132e-05
2.09735955e-05
2.39502418e-05
1.73374076e-04
1.04600194e-04
2.32272827e-05
5.73106540e-05
4.40413276e-05
8.26673636e-06
1.38933772e-05
2.58782059e-06
4.63949107e-06
1.18156015e-05
1.20283298e-05
1.04645466e-05
1.04498004e-05
1.54238643e-05
1.00536634e-05
7.72727352e-06
3.71425482e-05
2.38222291e-05
9.29613554e-06
7.84378674e-05
4.12757502e-05
4.34873137e-05
7.52553114e-05
4.42600123e-05
1.61891016e-05
1.33602997e-05
4.97630186e-05
7.52315736e-05
3.41113671e-05
7.45246657e-05
2.59435005e-04
2.01855802e-04
6.61235142e-05
2.55751716e-05
7.38341606e-06
8.76046205e-06
5.67586289e-06
2.78074943e-06
2.93649562e-05
2.64679564e-05
5.84232915e-05
3.04730922e-05
4.32120963e-06
1.46769904e-05
1.01616722e-04
1.75117531e-05
2.80417234e-05
2.18308433e-05
2.01206320e-05
1.13060514e-05
4.56336808e-05
8.85445313e-05
4.21215409e-05
4.63179291e-05
8.60127775e-05
9.84658706e-05
7.92386180e-05
9.25635711e-05
3.76864186e-05
2.27242770e-05
1.17811981e-05
2.42908608e-05
1.20382740e-05
2.34736015e-06
1.36595822e-05
2.83151168e-05
3.44212415e-05
9.63675867e-06
3.09206203e-05
1.21545856e-04
1.83604096e-04
2.55034768e-04
2.13953016e-04
2.11919948e-04
4.50869531e-05
4.02635236e-05
2.71998731e-05
9.02221387e-06
1.01792208e-06
3.06579962e-06
1.37642025e-05
2.90939998e-05
9.40877878e-05
7.53411425e-05
5.13662040e-05
7.09019412e-05
1.18575311e-04
1.37928648e-04
6.52205172e-04
3.73440114e-04
3.23293036e-04
8.03467186e-05
1.77591398e-04
2.10449084e-04
5.69220674e-05
7.98895005e-05
3.56188103e-05
2.33126139e-05
3.84140009e-06
3.67295312e-05
2.35806305e-04
2.68442133e-04
7.79429362e-05
1.97027476e-05
1.00855019e-05
2.00805373e-05
2.30023743e-05
2.29549534e-05
3.73265657e-06
5.93115537e-06
1.36716047e-05
1.58126362e-05
3.60221749e-06
1.19735102e-05
1.22373419e-05
5.47797505e-05
4.54409028e-05
2.12124238e-04
1.30023779e-04
3.43168020e-05
2.73767668e-05
3.46344101e-05
9.74145991e-06
6.48864626e-06
5.84166176e-06
1.40921274e-05
2.12054687e-05
3.32806990e-06
5.71726928e-07
2.77519778e-06
2.07245684e-05
3.43341311e-05
1.21301980e-05
3.51232904e-06
1.66349678e-05
9.36737474e-05
2.80756062e-05
4.84956842e-05
4.31331613e-05
4.68493471e-05
8.13443136e-05
1.34812100e-04
9.05251799e-06
2.71735309e-05
3.69142529e-05
1.73805450e-04
6.38628057e-05
1.14131550e-04
1.87412737e-05
1.18016840e-04
1.38204725e-05
3.17803239e-05
1.78247784e-05
3.91511185e-05
4.41313421e-05
3.22249197e-05
1.99928402e-06
3.15574027e-05
2.96803961e-04
8.34652974e-05
8.05068015e-05
1.40485830e-05
1.67077723e-06
8.88832791e-06
2.10279889e-05
2.38986844e-05
3.63736404e-05
6.35364778e-06
1.97195754e-05
1.47131300e-05
5.06368257e-05
9.66600445e-05
4.97910169e-05
8.56144146e-06
5.10964637e-05
2.12687784e-05
8.48782738e-06
3.13703947e-05
1.54577671e-05
1.56931247e-05
8.15494305e-06
1.56655333e-05
5.52400146e-05
7.21930257e-06
3.33722456e-06
7.39689289e-07
2.74372603e-06
3.12824556e-06
8.33463196e-06
1.41009826e-05
1.84130751e-05
6.46713386e-05
2.43976825e-05
5.03792878e-05
1.37488870e-05
1.49964867e-05
4.15720085e-05
1.20378831e-04
6.37572819e-05
1.61492110e-05
5.48842620e-06
4.90804099e-05
1.51627342e-05
9.44054479e-06
2.91261763e-06
9.97821496e-06
2.25725346e-05
2.22669536e-05
7.18390540e-06
4.72562659e-07
3.15589538e-06
2.29083022e-06
1.61298373e-05
2.26825981e-05
3.35013696e-05
1.62257178e-06
5.86995213e-06
9.36621839e-07
1.51058527e-05
1.81418496e-05
4.26538216e-05
1.42812643e-05
1.43802829e-05
1.40295541e-05
2.85558757e-06
1.82551663e-05
1.75683020e-05
1.88945100e-05
1.99806259e-05
6.42656243e-05
9.66164224e-05
4.44511243e-05
9.21948959e-06
3.51115928e-05
4.26806023e-05
5.64602465e-04
6.31277467e-04
3.01926369e-05
7.19267779e-06
8.06254340e-06
1.55576080e-04
6.68671988e-05
1.42068461e-05
6.03998999e-05
3.40208532e-05
1.46049445e-05
6.04241766e-06
4.18329561e-06
1.46357667e-05
3.13124403e-05
3.04077898e-05
9.02713473e-05
4.11701629e-05
4.64271712e-05
1.14431048e-04
4.88780917e-05
8.62748731e-05
7.50337673e-05
7.47972462e-05
3.41109205e-05
1.15959511e-05
2.91110071e-06
2.13461224e-05
2.74736919e-04
3.41100058e-05
2.37850681e-05
9.42516536e-05
2.81986276e-05
6.80439468e-05
4.72807803e-04
6.68880586e-05
5.92415969e-05
1.40068786e-06
2.45053763e-06
2.89713122e-05
1.53093381e-05
2.16431671e-05
1.48023862e-05
1.70496782e-05
8.40079669e-06
8.51696442e-06
8.49771114e-06
1.22925058e-04
9.47851429e-05
1.42289321e-04
1.13801046e-04
3.13515112e-05
1.63880840e-05
3.30653668e-05
1.93253745e-04
3.19014251e-04
3.31199563e-04
2.92502817e-04
1.04617560e-05
7.83730598e-06
1.05482676e-05
2.19531325e-05
5.91781911e-06
2.51702684e-05
2.92910859e-05
3.87260126e-05
3.68893612e-05
7.39499720e-05
2.71904870e-05
6.44658608e-06
2.08356598e-05
1.23207445e-04
1.19418662e-04
5.67479495e-05
1.83323053e-05
6.90071302e-05
1.34924028e-04
4.71449197e-04
9.27322529e-05
4.49288226e-05
4.44703786e-05
2.23241886e-05
2.14957586e-05
5.44435114e-05
3.28195842e-05
1.92454766e-05
2.58043277e-05
5.34373070e-05
9.42866497e-06
3.79942871e-06
1.18978770e-06
2.17919985e-06
1.17254682e-05
2.99762424e-05
1.50812540e-05
1.24646508e-05
2.06310100e-05
2.66059953e-05
1.37340122e-05
3.87816513e-05
4.51722516e-05
1.68640091e-05
1.85443568e-05
6.54303039e-05
6.93677679e-05
9.34432228e-05
5.64035154e-05
2.36865075e-06
3.99150681e-06
1.37970166e-05
1.57110313e-05
4.28128304e-05
2.14613610e-05
2.50906243e-06
1.83089110e-06
1.84951432e-06
4.03197272e-06
5.05744172e-06
1.35627006e-05
4.37303764e-05
7.31933894e-06
1.73283280e-05
1.34723808e-05
7.33737480e-06
5.85418829e-06
2.88091982e-05
2.82769264e-05
1.19591731e-05
5.05194154e-05
2.11679854e-05
8.59123790e-06
4.30581742e-05
7.64663122e-05
1.65268167e-05
4.96183081e-05
2.79759717e-05
2.89724246e-05
1.80337968e-05
9.02804252e-06
1.23879669e-05
4.13039760e-05
1.65017029e-05
1.46963367e-05
4.94851991e-05
2.72231130e-05
6.55836416e-05
2.16780220e-04
1.96451868e-05
1.59116186e-05
1.47820670e-05
5.32763593e-05
3.57544815e-05
1.41769172e-04
2.00053324e-04
4.16163337e-04
1.05604872e-03
2.20783379e-04
2.68260466e-05
1.21057756e-05
1.78983842e-06
1.32268676e-05
3.44740632e-05
8.25735659e-05
5.55269827e-05
5.51629282e-05
2.74449727e-05
1.39220408e-05
2.93057074e-05
1.90912327e-05
6.15254562e-06
1.24158301e-04
2.24392730e-04
3.08788856e-04
1.06076274e-04
8.53484366e-06
3.74622749e-06
1.35588358e-05
4.14157233e-05
4.03647216e-05
3.16916317e-04
8.91348831e-04
4.12385343e-04
5.61827275e-05
1.37359718e-05
1.95684501e-06
1.34410482e-06
4.65958958e-06
1.16874713e-06
1.05803185e-05
3.89762776e-05
3.22879374e-05
1.21583944e-05
7.73516462e-05
4.26402509e-05
9.67321472e-06
4.94038470e-05
4.21380308e-05
2.91794502e-05
2.01036349e-05
5.44553223e-05
1.87938201e-05
2.98203071e-05
1.87040587e-05
2.55427029e-05
4.13795497e-05
5.13489387e-05
3.40782514e-05
2.21641657e-05
8.33215956e-06
2.20568562e-05
1.52428097e-05
1.88985232e-05
4.55452676e-05
1.06525412e-04
1.09910105e-05
2.36556783e-05
5.95830772e-05
2.72742226e-05
3.66767283e-05
4.92901560e-06
3.04261034e-06
2.27741617e-06
5.10540321e-06
1.78661200e-05
1.02364427e-04
2.83065999e-04
7.26952247e-04
4.40673848e-04
3.12327293e-04
1.90677616e-04
2.49969409e-04
2.24346024e-05
1.69715348e-05
2.22877799e-05
4.52779557e-05
4.45465484e-05
2.59038101e-06
2.97442848e-06
3.00698089e-05
7.91549726e-05
1.77037337e-04
7.42375225e-05
2.62215928e-04
2.33700954e-04
8.12852940e-05
1.91195338e-05
1.14573507e-05
1.30720894e-05
4.10264134e-05
2.87261366e-05
2.16599539e-05
5.88788170e-05
9.26541228e-05
4.93495383e-05
1.62866847e-04
2.74693650e-05
7.89252235e-06
8.41297536e-06
2.26979808e-05
2.73623473e-04
1.94878609e-04
4.88771685e-05
1.30369235e-04
3.35704904e-04
3.35383154e-04
2.13527117e-04
6.15201018e-04
5.11080207e-04
1.11928395e-04
2.74193484e-04
1.61543091e-04
3.55866087e-05
4.33988920e-06
2.68914223e-05
3.75585484e-05
3.51839264e-05
3.61154031e-05
1.22192415e-05
9.44578211e-06
2.49589393e-05
7.53659850e-06
6.67770838e-06
1.55447243e-04
2.42309047e-04
2.15698422e-04
3.11506911e-05
7.98262923e-06
1.03539463e-05
3.61380739e-05
1.22968513e-04
3.02990271e-04
6.94400021e-05
4.34294554e-05
2.33241731e-05
1.58511016e-05
2.26675311e-06
1.03266258e-05
2.65054510e-05
1.97449957e-05
1.22292804e-05
4.35800785e-06
4.54322135e-06
8.99721662e-06
4.87189019e-05
1.20154284e-05
1.84279758e-05
2.11436454e-05
7.21885618e-05
1.27294359e-05
2.39809564e-06
4.30245510e-07
2.91427655e-07
4.85691030e-06
7.90889341e-06
2.10992019e-05
1.06681980e-04
1.52335125e-04
4.76927830e-04
2.51891946e-04
6.30070107e-05
9.03630782e-05
1.28865287e-05
4.32493848e-05
4.93823109e-05
5.84088825e-05
2.53176736e-05
4.11522973e-05
5.78868580e-05
9.82997114e-05
5.23458184e-05
4.37139233e-05
1.78360793e-05
8.93662734e-06
4.59152090e-06
1.38797235e-06
4.56503402e-06
5.68275672e-05
2.17538298e-05
3.40246667e-05
6.90898218e-06
5.54126153e-06
3.22376666e-05
4.00781209e-05
5.57388928e-05
3.46372982e-05
8.23533849e-05
5.73567864e-05
2.07181306e-05
2.43496108e-05
1.03517388e-04
1.64414562e-04
8.98219338e-05
6.30216851e-05
1.78571397e-04
8.57469396e-05
8.56688761e-05
7.52226418e-05
6.48209294e-06
1.74731407e-05
8.51033690e-05
1.23894470e-04
7.41728220e-05
6.08092434e-05
7.50510000e-05
1.14999902e-04
1.26850800e-04
1.07073190e-04
2.11509907e-04
1.18733651e-04
2.01434318e-04
5.98431463e-05
9.93356239e-05
1.58168690e-05
6.77891994e-06
1.43861068e-06
2.78310897e-05
7.38565985e-05
1.75558372e-05
2.91033052e-05
3.13964906e-05
7.13031544e-06
1.14468074e-05
2.49976923e-06
9.12242999e-06
2.92592177e-05
1.82421822e-04
2.45265212e-05
1.80402272e-05
