1.62349062e-05
1.86842886e-05
5.90238142e-06
1.84032027e-06
2.19834306e-06
3.57071275e-06
4.85585064e-06
1.31104222e-05
1.97583730e-05
4.10753007e-05
3.88018547e-05
2.80295287e-05
2.76189770e-05
1.43681782e-04
3.08155088e-05
2.15408791e-04
1.69946773e-05
6.08865476e-06
1.10091799e-05
6.16379702e-06
1.10659247e-05
5.52607402e-05
4.72197457e-05
7.44305208e-05
5.90268847e-05
4.00228339e-05
2.74963266e-05
4.78117779e-05
1.38822040e-05
3.36444163e-05
2.62485864e-05
7.10966487e-05
2.84553172e-05
1.31088229e-05
3.15911677e-05
2.92519420e-05
9.79684019e-05
2.49792957e-05
1.27853200e-05
2.20503864e-05
5.09500103e-06
8.47795257e-06
9.00297315e-06
1.32726464e-05
3.72330147e-05
2.73756663e-05
9.69365117e-05
4.09738458e-05
3.53269016e-05
8.87149800e-05
2.89331000e-04
1.07318136e-04
1.41465182e-04
1.60213236e-05
7.11040483e-06
1.52888648e-05
2.85297265e-06
4.43790738e-06
7.31588148e-07
3.98540346e-05
8.41946972e-05
6.68072980e-05
9.86189484e-06
4.27423399e-06
3.45555022e-05
3.17273088e-05
2.27603286e-05
3.84903432e-05
1.41245913e-05
1.33771399e-05
3.51345219e-05
2.92803987e-05
1.04895498e-05
2.93886923e-06
7.41482048e-06
9.96955954e-05
2.24334961e-05
1.93028624e-04
2.15774762e-04
6.91793563e-05
1.65377527e-04
1.01520459e-04
1.89108573e-05
2.56161293e-04
7.56447369e-04
3.21539154e-04
1.40722271e-04
5.78139065e-05
5.31396251e-06
9.67867867e-06
5.54510068e-05
3.34673355e-05
6.48109300e-06
9.15609963e-06
5.11108270e-05
7.54159472e-05
6.75057866e-05
1.09683781e-04
1.04924335e-04
1.09880992e-04
2.41953631e-04
1.75430357e-04
1.55120504e-04
8.94850333e-05
8.56407923e-05
7.30709459e-05
2.64781914e-05
6.62328256e-05
6.83858752e-04
7.20305059e-04
2.15815940e-04
8.53747032e-05
5.74843325e-05
1.16267089e-04
3.27646469e-05
6.29040806e-05
9.84088371e-05
1.89109837e-05
1.13973913e-05
9.77498717e-05
5.48624916e-05
5.21613854e-05
2.70178233e-05
2.31383573e-05
2.04683646e-05
3.39309672e-05
7.25653077e-06
4.18105968e-07
6.57882795e-06
2.79599182e-05
9.96968556e-06
1.37730833e-04
3.81629588e-04
3.57603173e-05
1.96013379e-05
4.36545765e-05
1.80562688e-05
1.31159202e-06
2.75452194e-05
6.97682430e-05
6.51983267e-05
9.25084825e-06
3.54236693e-05
3.45108824e-06
1.02372304e-05
4.78213470e-06
2.39749653e-05
1.63777888e-04
2.07541567e-04
1.76104891e-04
2.69330095e-04
3.76912130e-04
1.42547668e-04
9.25753592e-05
1.25765745e-04
1.16316908e-04
3.70744099e-05
4.53841974e-05
5.09773759e-05
2.14315431e-04
9.33754783e-05
7.00562917e-04
1.47043016e-03
3.78130105e-04
2.17972859e-04
3.43756801e-04
6.86606083e-05
8.98038448e-05
9.49415235e-05
3.16471172e-05
6.76096756e-05
3.72130607e-05
1.26560974e-05
2.18460626e-05
1.25779597e-04
2.60787565e-05
3.59168787e-05
2.31216621e-05
1.86201178e-05
6.19351523e-05
3.57689027e-05
2.83127847e-05
8.27890882e-06
5.81705947e-06
6.56307295e-05
1.32298132e-05
3.24208525e-05
6.86544722e-05
5.86459502e-05
1.13578365e-05
1.23807942e-05
1.87558159e-05
3.44930141e-05
4.36438950e-06
4.47267411e-05
1.92482104e-04
8.33376077e-05
6.24421224e-05
8.48130832e-05
5.36479015e-05
8.50474407e-06
1.11897172e-05
2.41750157e-06
9.60196405e-06
1.88342610e-05
1.09390521e-05
8.42657263e-06
2.30534739e-06
1.86982707e-06
1.12992261e-05
3.06671920e-06
3.99895347e-06
7.23362808e-06
1.21011219e-05
1.54578225e-05
1.08132890e-05
4.96398813e-06
7.54715075e-06
1.75882374e-05
6.32142991e-06
7.81560113e-06
1.58061812e-05
3.80999617e-05
3.24759944e-05
9.42283076e-05
1.47484130e-04
3.51367495e-05
2.43563515e-05
1.81793941e-05
6.76771679e-05
3.13360027e-05
4.36292106e-05
5.47281134e-06
3.68823329e-05
3.43283619e-05
5.67132815e-06
1.22584623e-05
9.35703781e-06
4.30949700e-06
2.69186967e-05
1.71475035e-05
2.24947337e-05
2.66493243e-05
1.66727789e-05
1.02913564e-04
5.29272389e-05
3.63530962e-05
1.81452151e-05
5.18434672e-06
1.68601967e-06
3.73560022e-06
2.10035573e-05
3.02314404e-05
2.78857606e-05
1.82179185e-05
3.22898414e-06
8.80271032e-06
2.03827407e-04
1.09071407e-04
6.90107163e-05
1.52745910e-05
2.98330981e-05
3.84792486e-06
2.67472454e-05
9.34969680e-05
2.29848021e-04
7.55223900e-05
1.70001095e-05
7.03761203e-06
1.13395303e-05
1.25769354e-05
1.27184197e-05
1.73681584e-05
3.09388902e-06
2.69349453e-06
3.77975837e-06
1.69792474e-05
3.66198323e-06
1.08038739e-05
4.47323621e-05
4.13214257e-05
6.29892779e-06
2.04999258e-05
8.86581483e-06
3.74985673e-06
1.07248170e-05
1.46662734e-04
7.53831456e-05
1.18337723e-05
9.35843956e-06
1.07336054e-05
7.82774569e-06
4.84657552e-06
1.25641968e-05
3.58589514e-06
7.55383852e-06
1.21529299e-05
1.10327417e-05
1.45899981e-05
1.35120735e-05
2.14630359e-05
3.78347825e-05
5.46117105e-05
4.90413102e-05
4.89374230e-05
2.40212758e-04
5.41668501e-04
2.42407186e-04
1.74197746e-04
6.79202482e-05
7.78498333e-05
8.73194493e-05
5.25071940e-05
2.17472485e-05
2.28169315e-05
1.62591041e-04
1.52391924e-04
4.00107048e-04
4.91363780e-05
1.88458323e-04
6.23043928e-05
6.28027584e-05
1.87190205e-04
1.09137899e-04
3.06551946e-04
4.92453615e-05
5.52433139e-05
3.73407834e-05
1.94087440e-05
7.12944795e-06
4.37645424e-05
9.67081285e-05
4.18961982e-05
8.73021904e-05
1.71436014e-04
4.28899312e-05
4.72374672e-05
2.49000266e-05
3.95273274e-05
6.09399027e-05
2.17448788e-04
2.49550715e-04
5.73671576e-05
3.47544788e-05
1.82738086e-05
3.19108551e-05
6.16134909e-05
2.72547243e-05
1.57437499e-05
8.06334773e-05
2.07862831e-04
4.69220978e-05
2.79700974e-05
6.70498294e-05
2.93177110e-05
1.68573178e-05
9.64016691e-06
1.95643645e-05
4.87767674e-06
1.44100846e-05
1.15501446e-05
1.93805584e-05
1.47552885e-05
8.61037893e-05
2.19087023e-05
3.94360488e-04
1.76818484e-04
5.04744813e-04
1.62164583e-04
9.12137293e-05
4.24378152e-05
5.05740978e-05
3.72872687e-05
5.70477429e-05
2.54696065e-05
3.79282592e-05
5.59978496e-05
5.77574700e-05
1.76138085e-05
6.36512664e-06
1.28761911e-05
1.76281221e-05
2.48022935e-05
1.75939438e-05
1.18484019e-04
1.67992426e-04
1.16087977e-04
1.42026530e-05
1.30641194e-05
7.25924973e-05
4.31637814e-05
1.94007135e-05
3.48990262e-06
1.44120490e-06
7.04638885e-06
6.60545561e-06
2.79121797e-05
2.37768936e-05
3.37406185e-05
1.46194688e-05
1.20332415e-05
8.37930993e-06
6.42948719e-07
1.50010047e-06
3.48233671e-06
2.36455881e-06
1.26024261e-05
7.45793793e-06
9.50740474e-06
9.82718350e-06
5.71277814e-05
8.52378261e-05
1.69853684e-04
2.46894022e-05
2.43452907e-05
2.04965301e-05
1.30327723e-04
1.34990673e-04
9.17316475e-05
2.54200800e-05
1.56414673e-05
2.45744957e-05
8.71601791e-06
2.43554156e-05
6.48675548e-05
3.49676525e-05
4.69746340e-05
1.89042688e-04
3.11981756e-05
4.38747413e-05
4.40242585e-05
5.96253954e-05
2.63723614e-05
5.28780661e-05
4.06408146e-05
9.54818012e-06
1.28783532e-06
5.42982944e-05
4.91601669e-05
1.04939495e-05
2.70161975e-05
1.87280739e-05
1.99693482e-05
6.82405290e-05
7.41731430e-05
1.85015170e-04
1.20650975e-04
2.21916424e-04
1.03382156e-04
2.04457055e-04
4.53262722e-05
2.32294317e-05
2.56265627e-05
1.80660765e-05
2.02420501e-05
2.14353720e-05
1.69254445e-05
6.38442404e-05
5.51003827e-05
9.91544535e-05
4.77799776e-05
5.43541647e-05
2.39322502e-04
2.26878606e-04
1.03289606e-04
4.67871091e-05
1.34433892e-05
1.71535513e-05
5.87666530e-05
1.02329270e-04
2.48922475e-04
1.62805611e-04
4.11816827e-05
8.93828194e-05
1.96752859e-04
2.05818465e-05
2.72685948e-05
4.60985836e-05
1.98410990e-04
1.54743820e-04
2.17951170e-04
2.47761778e-04
2.43475886e-04
1.53281140e-04
3.27731082e-05
3.96183314e-06
7.18739621e-06
1.25330813e-05
8.51624055e-05
2.35048363e-04
3.36120270e-04
2.42069525e-04
3.52776852e-04
3.63582859e-04
3.10196267e-04
9.28018018e-05
4.61095328e-05
1.25863130e-05
5.58802897e-07
8.35400736e-07
5.89398126e-06
3.26778433e-05
8.91660369e-05
8.12438114e-05
1.24130442e-04
1.46183658e-04
2.01138045e-04
1.84147672e-04
7.29518093e-05
4.83367248e-05
5.54093390e-05
3.55681632e-05
3.05397334e-05
6.43783819e-05
7.10343168e-05
5.23422191e-05
7.92631019e-05
5.79311692e-05
1.13382473e-04
4.64438948e-04
8.24834334e-04
2.24586297e-04
2.46733366e-05
1.10477571e-05
4.47040102e-05
1.45034879e-04
8.55981469e-05
3.79822155e-05
6.46860216e-05
2.68242817e-05
9.47419090e-05
3.01668229e-05
3.88254365e-05
1.12415072e-04
7.16560752e-05
6.15870598e-05
9.74587529e-05
1.56297068e-04
2.37798109e-04
2.19263972e-04
2.73964551e-04
2.19165844e-04
1.74080920e-05
1.20510459e-05
5.74351613e-06
3.06104303e-05
4.00314319e-05
3.27118176e-05
3.14065690e-05
4.63100725e-05
4.95841981e-05
1.51900084e-05
1.65089760e-05
4.75188411e-05
1.03932239e-04
6.90450901e-05
1.14712861e-05
7.80809726e-06
1.05184347e-05
4.99960211e-05
1.29955455e-04
1.98218157e-04
2.22106392e-04
5.49898882e-04
1.93163230e-04
5.06226676e-05
2.02010696e-05
7.46042493e-06
1.19485019e-05
1.67964191e-05
6.21397699e-06
1.78036294e-05
1.53472516e-05
1.20431818e-05
1.38976426e-05
1.90124820e-05
4.77864570e-05
1.01043055e-04
1.17496493e-04
1.32345834e-04
1.51480445e-05
3.94002814e-05
2.58699213e-05
5.98302139e-05
3.47261797e-05
4.13795786e-05
1.48696835e-05
1.60078508e-05
1.50720851e-05
1.04021063e-05
1.68079769e-05
5.31572295e-05
1.67116254e-04
6.94264975e-05
8.27635382e-05
6.78586109e-05
1.50126093e-05
1.99971957e-05
1.60025671e-05
4.00427937e-06
2.70281908e-05
1.04570164e-04
1.00751857e-04
2.85189498e-05
1.95046981e-05
5.05468412e-05
7.24133657e-05
1.01532792e-04
1.74297889e-05
4.97475187e-05
6.79871270e-05
3.67851036e-05
1.66509271e-05
1.08843649e-04
8.29303992e-05
4.07898143e-05
4.56082320e-05
7.19168068e-05
2.48221974e-04
5.45724916e-05
3.11465159e-04
4.70724282e-04
3.17870258e-04
3.66264639e-04
1.55004369e-04
2.82038045e-05
2.23112642e-05
7.93934570e-06
6.79263468e-06
2.23023475e-05
5.48022787e-05
5.55807519e-05
9.92347122e-05
2.39257362e-04
9.39919828e-05
8.09351391e-05
5.76878336e-06
9.49874565e-07
4.01625199e-05
1.52405691e-05
1.09507498e-05
4.25845236e-06
4.57059609e-05
4.83866437e-05
5.07427557e-05
1.88926187e-04
2.96304545e-04
1.28552275e-04
1.85540540e-04
3.69865426e-04
7.26655535e-05
1.71062086e-04
6.59726544e-05
5.50389731e-05
3.89139552e-05
2.27183301e-05
5.41340139e-05
3.39083057e-05
1.05023318e-05
1.96083839e-05
3.06140889e-06
3.52770389e-06
2.12576585e-05
2.61599881e-06
9.41979827e-06
9.27029456e-06
2.14184665e-05
4.98880517e-05
3.81619166e-05
5.16409362e-05
1.47869325e-04
6.01287357e-05
4.47208910e-06
1.29479588e-05
3.98175246e-05
2.85931947e-05
2.56937285e-05
1.47120724e-05
1.32954733e-05
7.92657870e-06
3.66760163e-06
4.00182897e-05
3.65355230e-05
1.69870099e-04
1.38771631e-04
6.58392969e-05
5.33544523e-05
1.92782268e-06
6.35337207e-07
7.34247048e-06
1.25882258e-05
1.11306237e-04
2.23562805e-04
9.57482497e-05
2.07597307e-05
3.46908995e-05
2.06747919e-04
1.12845979e-04
1.87281524e-04
5.22042583e-05
2.62657076e-05
8.73188526e-06
7.07609037e-05
6.56012074e-05
2.97875214e-05
5.79658959e-05
5.13880540e-05
2.46596543e-05
9.72006247e-06
1.28311093e-05
2.99179415e-05
1.41298861e-05
2.79305703e-05
1.43627263e-05
4.47822089e-06
4.72598730e-06
1.81298909e-05
6.18125102e-06
1.82201626e-05
6.18813084e-05
1.06362203e-05
1.02289366e-05
1.27853042e-05
3.11300646e-05
4.51925027e-06
1.54130379e-05
7.41020628e-05
5.45167293e-05
1.99841602e-05
1.89856572e-05
4.53773168e-06
5.86056697e-05
8.05784644e-05
6.71881588e-05
3.48297365e-04
1.34296099e-04
7.22347283e-05
3.98467223e-05
2.27021997e-05
6.27046877e-06
4.67344696e-06
2.41843816e-05
8.49288066e-06
8.24437682e-06
5.52201576e-05
3.09166815e-05
4.78503470e-06
2.14746176e-05
1.38979471e-05
3.58580665e-05
1.63774877e-05
1.28547309e-05
4.24000001e-05
3.68837212e-05
1.17947660e-05
8.02602850e-06
1.27166050e-05
1.57906141e-05
7.76457071e-06
1.78309200e-05
7.86232793e-05
2.08295936e-04
2.08027673e-04
8.67944609e-05
2.31793888e-05
2.58574831e-05
7.33806459e-06
4.44181152e-06
1.05180641e-05
7.31960671e-06
8.26130243e-06
1.98024307e-05
3.29762517e-06
1.88991294e-05
2.08088049e-05
2.49372448e-05
2.49420034e-05
1.96430683e-05
7.24987525e-05
9.56128158e-05
2.14501280e-04
5.20220990e-04
7.59418409e-04
9.57514871e-04
1.69980070e-04
4.95978360e-05
9.56701527e-06
2.75643684e-05
1.46011877e-05
1.05096164e-04
8.63409714e-05
1.27013346e-05
2.03418296e-05
7.25702681e-06
5.18934143e-05
9.20196100e-05
2.37737320e-04
1.73767955e-04
1.00901159e-03
3.81309985e-04
3.94500764e-04
2.29150909e-04
1.21818610e-04
9.23289830e-05
2.27661480e-04
7.75251850e-05
6.70780573e-05
3.58686711e-05
8.95310415e-05
5.71048149e-05
2.76236623e-05
2.16783091e-05
5.61057082e-05
2.34659037e-05
1.20302174e-05
1.99179961e-05
2.78901828e-05
1.30921280e-05
2.19413885e-05
5.23497981e-05
1.27581282e-04
2.48970193e-04
7.22860274e-05
4.97249272e-05
3.58371680e-04
1.38263832e-04
1.30263293e-04
9.29272157e-05
4.03089719e-05
2.45292548e-05
2.87033522e-05
1.47157617e-04
7.69907213e-05
8.78392726e-05
2.14892269e-05
3.77132823e-05
1.49027242e-05
2.44244137e-05
1.00445351e-04
8.25154139e-05
2.03060839e-04
1.51988268e-04
2.41440881e-04
4.37451216e-04
2.53844176e-04
7.08300485e-05
4.08929026e-05
3.65137402e-05
2.82390235e-05
6.70963378e-06
8.12724829e-06
7.62732776e-06
8.95173398e-06
1.03657843e-05
1.82898289e-04
2.21861468e-04
3.34081098e-05
3.04405628e-05
7.20053044e-05
1.91463217e-04
4.19253493e-04
1.72350424e-04
4.29012799e-05
1.12773749e-04
7.88990396e-05
1.44960261e-04
1.56340604e-04
4.33435775e-05
7.10270387e-05
4.87639909e-06
1.72328301e-06
7.24961808e-06
7.50186553e-07
1.63447466e-06
7.73171632e-06
8.72769678e-05
3.47953434e-04
4.60470115e-05
1.04741040e-04
1.18450807e-04
8.10458001e-05
1.99256315e-04
1.27642725e-04
5.11444782e-05
1.33564297e-04
8.57423592e-05
1.03460547e-04
2.96120480e-04
1.95488170e-04
1.13211542e-04
4.45321459e-04
5.79024823e-04
1.91269760e-04
1.44204154e-04
1.52392038e-04
2.03921582e-04
1.00335899e-04
1.34647100e-04
1.91385317e-04
4.01616648e-05
1.94067828e-05
1.03571566e-05
1.09026429e-05
7.26660217e-06
5.18031630e-05
5.22398200e-05
1.46507213e-04
9.91075581e-05
8.48884545e-05
7.73901966e-05
5.69077462e-05
4.91180132e-05
1.09051059e-04
1.86834632e-04
7.79988134e-05
2.51456411e-05
1.04450802e-04
1.70432134e-04
4.61054386e-05
2.76987369e-05
3.34584523e-06
4.66385316e-06
1.15730713e-05
1.16645954e-05
4.89498773e-06
8.60973257e-06
9.45119435e-06
3.40218256e-06
1.98546212e-05
1.24436362e-05
2.75768665e-05
1.77150987e-05
5.54348197e-06
1.95578302e-06
1.02269428e-05
1.38038724e-05
2.63218702e-05
1.85606852e-05
2.90594798e-05
1.77838154e-05
6.45294685e-06
1.67448638e-05
1.33007826e-04
2.39278550e-05
4.95216371e-05
7.08739943e-05
9.31463412e-05
1.01760116e-04
2.85783344e-04
6.30085897e-05
9.14692023e-05
2.10024363e-04
1.59842513e-04
2.34301800e-04
2.31319354e-04
1.53282447e-05
2.10595301e-05
1.36287931e-05
4.02071498e-06
1.82160352e-05
2.92245910e-05
4.95361066e-05
5.81699297e-05
1.05342938e-04
2.11940428e-04
5.11532441e-05
2.19739106e-05
1.06050232e-04
4.32835616e-05
2.23329545e-05
1.99951289e-05
7.60356033e-06
3.35195747e-05
4.56271335e-05
9.46694471e-06
1.10952990e-04
1.06912423e-04
1.90641973e-04
2.39492701e-05
2.26598390e-04
2.19475930e-04
1.40813567e-04
3.85864766e-05
2.72209076e-05
6.68357808e-05
4.42793689e-05
1.47443581e-04
1.12933515e-04
1.31295414e-04
3.12092563e-04
5.72213128e-04
1.84338303e-04
3.24387987e-05
3.03473422e-05
1.06126243e-05
3.69622940e-06
2.47116302e-05
9.33316295e-06
3.85889720e-06
1.90305554e-06
5.48387589e-06
2.09247461e-05
8.88561614e-05
7.49602527e-05
3.63339003e-05
9.12430261e-05
5.77212278e-05
3.00648407e-05
8.86438059e-05
3.56526857e-05
1.13928712e-05
6.31817619e-06
1.89215245e-05
6.22116296e-05
3.48981812e-05
9.16337817e-05
3.51013203e-05
1.28728699e-05
1.92586372e-05
2.77956012e-05
4.77386269e-06
1.68235536e-05
2.50998817e-06
1.63910047e-06
2.07707524e-06
2.34430823e-05
4.60982027e-05
1.20427097e-05
1.04201852e-05
4.20702771e-05
3.83216748e-05
1.06482972e-04
1.68108774e-04
3.92314858e-05
4.50311058e-04
1.03610898e-04
1.32375749e-04
1.93478606e-04
1.19649303e-04
2.32168581e-04
4.26997758e-04
3.46919966e-04
1.91272192e-05
4.69930771e-06
1.63958666e-05
1.92558963e-06
3.26346779e-07
2.54186000e-06
3.56948188e-05
7.78214488e-05
1.71663490e-04
6.06733381e-04
7.08006084e-05
2.11510870e-04
5.61526141e-05
1.33021017e-04
3.72635961e-05
8.38435081e-05
1.47156809e-04
3.33663034e-05
1.27175930e-05
4.39872366e-05
3.39892355e-06
4.06175333e-05
1.48204676e-05
1.12037402e-05
1.95565850e-05
4.83431776e-05
2.04890921e-04
5.13119221e-05
1.00708503e-05
8.66983783e-05
1.06410388e-04
7.91789373e-05
3.88306741e-05
2.31196054e-05
3.17086447e-05
1.19973941e-05
3.11840427e-05
1.60538333e-05
8.54813173e-06
1.54607275e-05
2.71244563e-05
2.78273585e-05
2.32897036e-05
5.03912990e-05
1.38384767e-05
2.28304614e-06
2.31729625e-04
2.01458197e-04
3.95442257e-05
2.30326356e-04
4.54146227e-05
4.59681061e-06
6.17506437e-06
2.07602722e-06
1.16500261e-06
9.02537544e-07
4.54021835e-06
2.36483805e-05
1.50828756e-05
1.04487028e-05
2.46946417e-06
3.45196586e-06
5.42596053e-06
7.78805797e-06
3.76667874e-06
2.50426397e-05
1.07937191e-04
3.08333466e-04
1.27889502e-04
1.36030590e-04
3.32336137e-04
1.18770912e-04
7.10247474e-05
2.17960872e-05
1.10333013e-05
4.92898350e-05
4.05530586e-05
9.69481063e-05
2.11380690e-05
1.89628583e-05
2.72300052e-05
6.09109921e-05
1.06901181e-04
7.21624958e-05
8.76529310e-05
4.28308271e-04
6.72907487e-04
1.73516098e-03
1.87367922e-04
8.52713416e-05
1.12955182e-04
9.16991838e-05
4.80285627e-05
1.82083841e-05
7.43897664e-06
2.63686595e-05
2.91280420e-05
1.35895806e-04
1.84560661e-04
8.55703899e-05
9.27859553e-05
3.57962490e-05
1.14937991e-04
4.51357994e-05
1.32927475e-05
1.32679235e-05
5.48296752e-05
6.64780808e-04
5.32149284e-04
9.27857496e-05
1.02615012e-05
1.59730890e-05
2.63425969e-05
1.26020437e-05
5.40295377e-06
1.04680639e-05
2.78372131e-06
3.36239312e-06
1.75567990e-05
2.22303529e-05
1.67012375e-04
2.63055938e-04
1.96205382e-04
1.86639064e-04
2.10514190e-04
2.05943826e-04
1.09561350e-04
1.63526422e-04
6.79163008e-05
9.77375295e-05
1.88750447e-04
1.09039577e-04
5.20515831e-05
3.63873058e-05
2.03075484e-05
6.08528874e-06
8.82215648e-06
1.45630396e-06
4.12266075e-06
3.21058342e-06
1.30466374e-05
1.45828805e-05
2.56132107e-04
6.82310983e-05
1.78893316e-04
9.34847123e-05
6.08418574e-06
7.34943304e-06
1.75594919e-06
1.02541506e-06
3.67121293e-07
1.71455775e-06
2.10181347e-06
1.75172553e-06
1.61832428e-05
3.17643937e-05
9.28306153e-05
1.21467183e-04
4.56669458e-05
6.86071100e-06
2.90753182e-05
2.92099792e-05
4.28306902e-06
3.96563879e-06
2.37052734e-06
6.32396505e-06
1.62706025e-05
5.61182503e-05
1.31075702e-05
3.02614558e-06
1.30871704e-06
1.99329705e-06
1.24839714e-05
1.81692901e-05
1.65525838e-05
8.44731222e-05
1.03570161e-04
2.08980345e-04
9.22488595e-06
4.71501477e-05
9.12486087e-06
1.74438825e-05
5.86838570e-05
5.78485463e-06
5.65665427e-06
4.45239598e-05
8.28921034e-05
3.90405521e-05
1.98124646e-05
5.28098571e-06
4.39832868e-05
1.32888353e-05
5.50355343e-05
5.90393619e-05
2.96460128e-05
1.07994168e-06
1.18510844e-06
1.12747172e-05
4.31328357e-05
2.09998733e-04
6.64816604e-05
1.08458213e-04
1.11757903e-04
3.07607493e-05
2.01779511e-05
3.20090407e-05
8.19050673e-05
1.20613909e-04
6.33555655e-05
3.94624612e-05
1.36823549e-05
1.12568595e-05
5.17766514e-06
5.69281380e-06
1.19628694e-05
2.18673354e-05
3.52284079e-05
2.90759519e-05
4.88240006e-05
4.62098578e-05
1.36202665e-05
6.74195587e-05
2.63422929e-05
4.39596766e-05
4.50469425e-05
4.55932230e-05
2.03247088e-05
5.02706669e-05
1.21265398e-05
1.01264851e-05
3.78942841e-05
1.19675584e-04
4.59258708e-04
1.08330688e-04
8.49697907e-06
2.37822620e-05
1.54192222e-05
8.22627873e-05
9.77551154e-05
2.05601313e-05
1.00937052e-05
2.98152427e-05
5.73832972e-06
8.87161190e-06
7.24341707e-06
1.06909548e-05
2.87032091e-05
4.11761103e-06
1.61066535e-06
6.45541767e-07
9.94158689e-06
1.61106123e-05
4.33801534e-05
1.67674869e-05
1.28895293e-05
2.19114898e-05
1.61442447e-05
1.40345819e-05
1.10594747e-05
4.34412697e-05
5.58124785e-05
1.80707103e-05
1.11700214e-04
2.63689890e-05
2.38087042e-05
2.59604470e-05
1.34963824e-04
3.97855650e-05
5.92064216e-05
4.20982569e-05
6.21618664e-05
5.87189767e-06
7.42253360e-06
2.48372143e-05
7.81775972e-05
7.39584464e-05
1.45104627e-04
1.38438392e-04
8.72699017e-05
2.86457596e-05
7.09725318e-05
2.39543999e-05
3.12554415e-06
4.24232515e-06
4.39952513e-05
8.88309175e-06
3.10210465e-05
2.52754095e-05
1.79179579e-04
2.41063920e-04
2.08165810e-05
3.78258031e-05
2.65620155e-05
2.95504625e-06
1.00504201e-05
5.99829730e-05
5.68126715e-05
6.02389654e-06
1.61775341e-05
4.74856975e-05
7.65696005e-05
3.55118189e-05
3.44599673e-05
1.36792184e-05
2.68428803e-05
6.58099626e-05
8.88873000e-05
4.22481732e-05
3.31849255e-05
2.84134112e-05
2.03680373e-05
1.08856026e-04
1.32471376e-04
6.86115576e-05
1.21372244e-05
1.04059515e-05
7.23662478e-06
4.90057420e-05
6.19649731e-05
8.72036703e-05
9.18119641e-05
8.57096794e-05
1.89967590e-05
5.67104643e-06
1.24258594e-05
1.23610733e-05
3.28351700e-06
1.01970953e-06
2.72532899e-06
7.54577633e-06
2.84655920e-06
7.76377906e-07
2.65232821e-06
1.53872381e-05
1.08663908e-05
3.93485165e-05
2.01827587e-04
1.17046297e-04
1.54605744e-05
1.83745496e-05
3.18759320e-05
5.20680352e-05
6.17258811e-05
2.91267297e-05
1.42695166e-05
8.98470051e-05
1.07560369e-05
2.21939754e-05
1.01114702e-05
8.50481762e-05
2.88872555e-04
1.41593569e-04
6.49185235e-05
5.76659545e-05
1.12602227e-05
4.28739694e-05
6.95614669e-05
2.40135648e-05
1.66776305e-05
4.81347345e-05
8.56483435e-05
5.14167577e-05
3.58392711e-05
1.01827898e-04
2.90702795e-05
3.16608264e-04
2.55508840e-04
1.38470954e-04
2.77082359e-05
2.07005437e-05
9.34344504e-05
1.22115078e-04
3.54089076e-05
3.70952217e-05
2.27885645e-05
3.37258725e-06
1.41727918e-06
8.35257954e-07
2.11603621e-06
3.35625523e-06
1.27851618e-05
1.41034610e-06
4.30255950e-06
8.47016197e-06
1.82416484e-05
3.38973845e-05
1.08596654e-05
3.03361616e-05
8.44918998e-06
1.72661085e-05
8.37183540e-05
1.13558075e-04
3.12589827e-05
8.98189422e-06
9.12277430e-05
1.65073346e-04
2.65959183e-04
5.16770368e-05
9.32060750e-05
2.96394661e-05
9.47414766e-06
2.79635311e-05
3.26399882e-05
6.35485826e-05
5.50297699e-05
1.06567222e-05
6.04192576e-06
6.83060087e-06
3.20082414e-06
8.16968942e-07
2.40167454e-06
4.27869460e-06
1.76170872e-05
6.42732617e-05
7.41077956e-05
9.31248391e-05
3.89212219e-05
5.14804555e-06
6.56197036e-06
5.87659477e-06
5.87186418e-06
1.45688369e-05
9.71581848e-06
1.80352267e-05
1.70969722e-05
1.62156961e-05
3.10801294e-05
3.17517077e-05
1.43974491e-05
5.14846475e-06
1.61097520e-05
3.32534548e-05
1.04061784e-04
4.79191040e-05
3.87256483e-05
2.18167113e-04
2.01469840e-04
3.22046399e-04
4.67388104e-04
1.61554398e-03
3.26264070e-04
7.95840922e-05
1.72298956e-05
7.93188364e-06
5.24372590e-05
9.45372967e-06
2.10048534e-05
1.00010518e-04
9.23556278e-05
1.43189215e-04
7.89679133e-05
2.38739003e-04
1.27153616e-04
2.23585966e-04
1.39905369e-04
1.11436880e-04
3.62462667e-05
1.01314827e-04
