7.25807903e-06
6.82924255e-06
1.62900796e-05
4.23315430e-05
6.51686638e-05
5.34677856e-05
7.69389586e-05
9.71979386e-05
6.30700870e-05
2.09199839e-05
1.99260839e-05
3.33572161e-06
3.36348463e-05
8.47676786e-06
3.80135809e-06
1.42186223e-05
3.76558877e-06
7.21267306e-06
1.13537880e-05
2.65692559e-05
4.86303549e-05
1.54656241e-05
6.98691717e-06
9.02703948e-07
7.72444914e-06
3.50618916e-05
1.83755990e-04
1.04886234e-04
4.62496683e-05
4.22302131e-05
5.70957951e-05
4.94704579e-06
1.20087294e-05
5.57565420e-06
3.83726884e-07
3.17136346e-06
5.13512501e-06
3.92160083e-06
1.47100557e-05
2.00596587e-05
4.18302524e-06
4.34087375e-06
1.89599231e-05
1.50389094e-05
5.65969815e-06
1.08263356e-05
3.13200336e-06
2.33624159e-05
2.71036338e-05
4.88962690e-06
1.26919016e-05
1.65582508e-05
8.62981679e-05
1.28276796e-04
1.12006020e-04
9.99461753e-05
1.22229398e-04
6.83507604e-05
1.71543612e-04
1.78997675e-04
4.66387594e-05
1.84456298e-05
2.57880821e-05
3.58804304e-05
1.31373156e-05
2.17153725e-05
2.09914308e-05
1.97627575e-06
1.50442435e-06
2.63665266e-06
5.99812818e-06
3.49657591e-05
5.11305214e-06
1.19062870e-05
1.16877284e-05
3.46358173e-05
8.27101252e-05
1.65939460e-04
7.60933773e-05
8.57120851e-05
3.25893527e-05
2.43910152e-06
5.32923531e-06
1.45709515e-05
2.39736353e-05
8.33719367e-06
2.09049326e-05
3.77329803e-05
4.31293412e-06
3.86580429e-06
2.94527539e-05
1.52300749e-05
4.62353189e-06
9.60427453e-07
2.18839405e-06
4.63683575e-06
3.00850593e-06
5.16059517e-06
2.78387818e-06
1.93036973e-06
2.05877225e-05
4.82418476e-05
7.25566950e-05
1.75847172e-05
4.61841359e-06
6.19170435e-06
5.54956505e-06
7.96434072e-06
2.73418486e-05
5.72226060e-05
1.67138717e-05
3.30471623e-05
6.52330761e-05
4.18661629e-05
5.70200131e-05
5.03029272e-05
1.37579296e-04
1.25951795e-04
2.65862194e-04
4.17512852e-05
7.40130990e-06
4.12485372e-05
3.18141885e-05
1.02200077e-04
1.65965048e-04
5.44705330e-04
1.67266517e-04
4.95686518e-05
2.06815940e-05
4.55532387e-05
3.39194234e-05
8.39539013e-05
5.09489824e-05
1.13535755e-04
5.49263676e-05
1.20152613e-05
9.13381733e-06
3.38016728e-06
6.90186505e-06
3.73725622e-05
5.34650712e-06
2.97709490e-06
1.35515951e-05
1.42903252e-05
1.26684240e-05
1.04632922e-05
2.36135700e-05
6.39646785e-05
6.39512685e-05
2.48877204e-05
4.16656827e-05
6.64444336e-05
2.26910301e-05
2.71802301e-05
4.67247298e-05
6.00154409e-05
1.50289300e-04
6.50319221e-05
7.65807669e-05
2.13840302e-04
1.04989675e-04
1.02161850e-04
6.11836066e-05
3.49024107e-05
5.70332223e-06
8.44981645e-07
1.84395219e-06
3.81351243e-05
1.43297365e-04
4.59093444e-05
4.46854680e-05
5.25015577e-06
4.67166398e-05
1.37106778e-04
2.22835487e-04
1.29743708e-04
2.71782713e-05
1.04692498e-05
6.92164496e-06
1.26811438e-06
7.46527528e-07
5.62763248e-06
9.84593268e-06
2.15430515e-05
5.78130184e-05
1.19226248e-04
4.63037361e-05
6.31703820e-04
6.33302362e-04
1.45950432e-03
1.23375329e-04
5.35779090e-05
6.43903294e-05
1.43896989e-04
8.24131030e-05
7.85193433e-05
1.22020093e-04
2.17650254e-05
8.54267429e-05
1.72781973e-05
4.24982302e-05
6.76990627e-05
4.52841069e-05
1.58056768e-05
4.28282173e-05
9.05283199e-05
4.62338039e-05
1.66803344e-05
2.47627724e-05
2.72928690e-05
1.84772516e-05
7.10408546e-05
5.60570942e-05
2.61258998e-05
2.14094311e-06
6.20894868e-07
4.02482295e-06
2.12170263e-05
5.49736497e-05
1.26049348e-04
1.65979070e-04
3.75162448e-04
3.91180858e-04
2.52369088e-04
5.34027102e-04
2.38455883e-04
2.28248623e-04
8.26474913e-05
2.20153745e-05
2.25731692e-05
1.25894069e-05
1.53036614e-04
6.04976966e-05
9.35126496e-05
1.15054068e-04
1.08893593e-05
1.09907781e-04
4.24103941e-04
1.27889085e-05
1.62222931e-05
5.53023579e-05
8.57324486e-05
1.67085057e-05
2.19091220e-05
2.28204828e-05
1.87353010e-05
3.96693929e-06
1.17733506e-05
2.49832167e-05
1.34412222e-04
1.20240192e-05
8.21470171e-05
1.72462772e-05
1.49844838e-05
1.32831481e-06
4.70471706e-06
1.35082052e-05
8.01900405e-06
1.72616884e-05
1.26071059e-05
2.00174578e-05
6.68310677e-05
8.37099565e-05
4.35826271e-05
1.90422538e-05
3.37169796e-05
8.93970311e-05
6.62844117e-05
8.39475084e-05
1.90462204e-05
6.10651827e-06
4.39984072e-06
4.10858097e-06
1.82342445e-06
1.41743901e-05
1.08146323e-05
5.35871706e-06
4.21717045e-05
2.39922754e-06
4.76801064e-06
1.44739047e-05
2.75828509e-05
3.58723768e-05
1.13210004e-05
1.57509400e-06
9.44764209e-07
4.52175045e-06
9.05682970e-06
7.53727032e-06
2.30428488e-05
3.20461204e-05
2.51212673e-05
4.00968931e-04
3.88446646e-04
2.26700444e-04
1.36080886e-04
6.85998371e-05
9.77280183e-05
3.84105763e-05
2.66012543e-05
6.85402663e-06
7.23535584e-06
1.37728539e-05
1.26073928e-04
1.54599897e-04
9.25003208e-05
9.34316282e-05
7.37426102e-05
1.27422943e-04
1.29079123e-04
2.26157603e-05
6.59182445e-05
1.38202595e-04
5.03542287e-05
2.95498899e-05
8.38543748e-05
5.65160710e-05
4.11480680e-05
3.61488470e-06
7.18807394e-06
6.79152916e-07
1.04394789e-06
1.63505522e-05
4.90502450e-06
2.05824337e-06
3.62002448e-05
9.49989018e-05
2.96322307e-04
7.24971506e-05
2.71688118e-05
1.02660827e-05
8.84237769e-06
8.68063766e-05
1.44075776e-04
9.65922194e-05
6.81506058e-05
2.92390060e-05
2.57154802e-05
1.19145676e-04
3.94076954e-05
1.00903555e-05
1.60728198e-05
1.05523889e-05
1.79380377e-05
1.12575492e-05
2.94610971e-05
7.10782196e-05
1.35467704e-04
7.81826795e-06
1.31865499e-05
2.98886251e-05
5.01608703e-06
9.12183947e-06
4.53116165e-05
4.05570460e-05
5.56443093e-05
5.63331683e-05
4.38097008e-05
1.38622331e-04
2.16463160e-04
6.22204759e-05
3.14622082e-05
5.54641273e-06
6.02505655e-06
2.81867391e-05
4.77979622e-05
4.69121838e-05
3.59695842e-05
6.94814590e-05
7.80527234e-05
2.20077101e-04
2.02668615e-04
1.49971179e-05
2.90507002e-05
2.24057580e-05
1.54296114e-04
1.59976415e-04
6.37331113e-05
6.02088007e-05
3.95078740e-04
1.27088065e-03
2.80836086e-04
2.19375873e-04
2.31565179e-04
2.49309444e-04
4.28454281e-05
5.74843092e-05
7.74783495e-05
2.92856244e-05
3.76095732e-05
1.75073329e-05
4.19275618e-05
1.42399510e-05
2.42952211e-05
5.71917375e-05
5.80230446e-05
4.15668234e-05
1.79008267e-05
1.07015382e-05
2.59133000e-05
9.77904138e-05
1.52925386e-05
1.14255120e-05
6.81664498e-05
1.02668233e-04
4.53721937e-05
1.10100785e-04
8.76054667e-05
4.13697631e-05
2.47325275e-05
9.00732400e-06
1.85959127e-06
2.81503399e-05
8.19310876e-06
4.28724269e-06
2.62802863e-06
5.83866835e-06
1.86682288e-06
3.01309551e-05
4.59594138e-05
4.10839534e-05
2.65980696e-05
4.12198231e-05
1.52401951e-04
2.60093061e-05
2.49006875e-04
3.59357105e-04
3.71231904e-04
1.92502705e-04
2.37528266e-04
1.66973220e-04
4.44761521e-05
2.11508806e-05
2.10253530e-05
1.28822850e-05
1.95322054e-05
8.99419465e-05
1.16570858e-04
1.53779070e-04
3.67099195e-04
3.16683925e-04
9.04025230e-06
1.66690865e-05
5.68049349e-05
3.31092219e-05
2.51622052e-05
9.69818201e-05
1.90315880e-04
1.94071025e-04
1.70692355e-04
1.99925711e-05
2.70974083e-05
2.37227024e-04
4.10156253e-05
5.49724424e-05
1.64034375e-05
3.02179187e-05
3.39663503e-06
1.81585008e-05
1.34117891e-05
6.00609989e-05
7.21708363e-05
2.96674143e-05
1.00442515e-04
2.22419316e-05
1.36830220e-05
5.78539444e-05
4.94936812e-05
5.58705994e-05
7.57647299e-05
4.48314143e-05
5.26498715e-05
1.11783442e-04
1.93412524e-05
2.58656989e-05
1.68428099e-05
1.92340942e-05
1.06628117e-05
5.96846592e-06
3.30478211e-06
4.23253507e-06
8.71310348e-06
2.64634705e-05
4.70451158e-05
1.50275228e-05
1.20221293e-05
7.92508490e-06
2.91994444e-05
8.65134111e-06
1.24121649e-05
3.30129144e-07
1.50835567e-05
2.44718844e-05
1.37286940e-05
4.56090904e-06
6.90592428e-06
1.55017841e-05
2.38068511e-05
1.49096222e-05
1.94499449e-05
1.17453476e-06
2.38542437e-05
8.89940233e-06
2.53068280e-05
4.81500554e-05
1.11138927e-04
5.95125250e-05
2.84462383e-05
5.05961307e-05
2.08049523e-05
8.56662553e-06
3.28519097e-05
1.95077840e-05
4.85609726e-05
2.94088613e-05
9.78027790e-05
9.55188290e-06
2.62196161e-05
1.95668182e-05
7.08349976e-05
2.41973337e-05
8.48453951e-06
1.54694531e-05
4.36509408e-05
2.19890174e-05
1.23120869e-05
2.52222967e-05
2.75091317e-05
2.14322535e-05
2.39311289e-05
3.83788779e-05
3.02019049e-05
6.43041948e-05
9.97082783e-05
2.24997104e-05
1.93388141e-05
7.87685457e-05
2.36061805e-04
8.44128347e-05
1.25256228e-05
8.77963858e-06
6.23802699e-05
5.11587186e-05
1.54866670e-05
1.15150585e-05
2.16240547e-05
3.18669777e-05
2.44414131e-05
8.25548977e-05
6.75718235e-05
6.34065646e-05
7.92680834e-05
4.95118952e-05
4.12080012e-05
9.90986842e-05
2.98779088e-05
3.73992143e-05
3.95208548e-05
3.32879696e-06
6.76353311e-05
9.68701551e-05
3.80778571e-05
1.25849551e-05
2.95264225e-05
9.31429254e-05
1.49104456e-04
1.42121732e-04
4.70286992e-05
4.83770441e-05
4.57635166e-05
3.71005512e-05
1.00021597e-04
8.87862520e-06
3.89347624e-05
8.42012252e-05
4.69137888e-05
1.10969985e-05
1.40857649e-05
8.06245215e-05
1.45069160e-05
2.05992172e-04
3.02677737e-04
1.91920931e-04
3.27585528e-05
2.89874406e-05
2.32802822e-06
5.47020265e-06
2.62709906e-05
5.67996699e-05
1.38021852e-05
1.79380595e-05
6.35455426e-05
3.24344371e-05
4.05812827e-05
3.76830336e-05
1.28847454e-05
5.82529335e-07
1.73079608e-05
1.55898001e-05
4.10489460e-05
4.47550245e-05
6.89595806e-05
7.01829921e-06
2.53071668e-05
1.46157866e-04
1.30260293e-04
9.77128421e-05
4.45251147e-05
3.20785278e-05
2.23180023e-05
3.20131081e-05
5.20683211e-06
4.33077583e-05
1.53045561e-05
3.17477521e-05
4.05444148e-06
2.24222847e-06
4.94543743e-06
1.09767989e-05
1.82497408e-05
2.47851952e-05
1.76513107e-05
1.14831397e-05
6.07237030e-06
2.65612215e-05
1.89540668e-05
2.99147908e-05
1.23958603e-05
1.11338281e-05
1.63898258e-04
2.45673317e-04
7.37688358e-05
2.91915079e-05
1.66837863e-05
1.71283367e-05
1.86688114e-05
1.52756214e-05
8.02157064e-06
8.35358163e-06
8.13852321e-06
3.79890285e-05
1.20460647e-05
1.05526350e-05
5.79194344e-06
8.14693521e-06
3.24455405e-05
2.06774741e-04
3.13924489e-04
3.76594484e-04
3.72056119e-04
7.97288443e-05
6.32533356e-05
1.44954425e-05
2.65111372e-05
7.34281616e-05
1.52635176e-05
2.76978743e-05
3.01985569e-05
4.56897859e-05
2.69442900e-04
3.09998886e-04
2.15667130e-04
6.54720743e-05
2.67212716e-05
9.61226915e-05
1.72990546e-04
8.96982207e-05
5.47982787e-05
6.28950850e-05
5.19641384e-06
9.57921942e-06
9.59025248e-06
8.93648238e-06
3.47658023e-05
1.84415543e-05
8.68261681e-06
6.64520665e-06
8.29285313e-06
2.50364077e-05
1.46453845e-04
3.96689018e-05
1.46723085e-05
1.40099558e-04
1.66096986e-04
1.79706128e-04
2.58006143e-05
1.92519178e-05
2.16779916e-04
3.39888498e-04
8.01033106e-04
1.43417768e-04
8.75480688e-05
2.24466115e-04
3.97683941e-05
8.83139438e-05
1.78679474e-04
2.56854609e-04
4.90414693e-05
3.76576370e-05
4.67249640e-05
2.05670518e-05
4.22036406e-06
5.76324714e-07
7.66542111e-06
3.32478388e-05
3.81711771e-05
1.16744298e-05
2.42873327e-05
1.23485416e-05
3.56949362e-06
7.86430874e-06
8.26357676e-07
3.22018350e-06
6.79497671e-06
1.67702048e-05
1.40401405e-05
3.37126992e-06
8.79625282e-06
3.05054216e-05
2.11928493e-05
4.71964238e-06
6.08623882e-06
2.16257231e-05
6.05764980e-06
1.58363525e-05
1.07579050e-05
2.32639311e-05
5.80734124e-05
8.48282585e-05
1.49609403e-05
1.83145599e-05
7.94347798e-05
1.03233774e-04
1.77898382e-04
4.24099743e-05
6.82060868e-05
1.28076939e-05
1.30086868e-05
1.97450909e-05
2.58244383e-05
1.09203328e-05
5.38045381e-06
1.80949849e-05
4.12445665e-05
7.06604587e-06
6.33299012e-05
1.27450964e-04
4.90161802e-05
1.53683481e-04
2.72516611e-05
1.41945794e-05
1.35276419e-05
2.57778901e-06
2.80128846e-05
5.75941502e-05
1.51151073e-04
1.56627886e-04
8.22771257e-05
7.84833668e-05
2.80233707e-06
4.60169618e-06
1.20903457e-05
8.78285807e-05
1.55813047e-04
2.62398683e-05
1.20308766e-04
1.26265415e-04
8.93313943e-05
1.58467855e-05
5.05433755e-06
5.18814217e-06
2.21122136e-05
1.71183554e-04
8.95491792e-05
1.15135291e-04
2.96912588e-05
1.09460834e-05
7.67265990e-06
1.33233588e-05
7.01425981e-06
1.49137354e-05
4.04081349e-05
5.40140482e-05
2.19262207e-06
4.32586137e-05
1.36736861e-04
1.50919090e-04
2.51177430e-04
2.08100396e-05
1.48606987e-05
1.98393464e-05
4.78018366e-05
7.40245411e-05
1.33428761e-04
1.30362551e-04
1.06129154e-05
6.29800435e-06
1.14668580e-05
2.36303691e-05
2.08373367e-05
7.48991791e-06
2.12098054e-06
5.15176388e-06
1.76012505e-05
4.41445757e-05
2.84422846e-05
3.80966010e-05
2.07311729e-05
8.07014299e-06
1.60454069e-04
6.20867191e-05
1.07673218e-05
2.38308263e-05
2.10225887e-05
1.37719778e-05
1.76778358e-05
3.72152294e-05
1.80229179e-05
2.82973138e-05
9.68726873e-05
1.35106023e-04
8.40082984e-05
2.54429395e-05
2.19010757e-04
6.32727107e-05
5.05931338e-05
1.47494095e-04
1.43431310e-04
1.35508389e-04
3.19052935e-05
8.25069989e-05
2.85962026e-05
4.48078862e-05
7.96281949e-05
1.99027217e-04
1.44846863e-04
1.26731363e-04
7.69827254e-05
1.01496095e-04
2.20658353e-05
3.15687008e-05
3.81332940e-05
4.23434618e-05
2.34233120e-05
1.09956719e-04
2.84965617e-04
1.15920045e-04
1.05501149e-04
1.05674814e-04
3.60731683e-04
8.13301633e-05
5.36921114e-06
1.61621806e-06
8.69790563e-06
6.15493197e-06
2.17512205e-05
8.82217008e-05
7.80620226e-05
3.52814801e-05
9.23631152e-06
9.69027916e-06
1.85311214e-05
3.60719461e-05
9.29104608e-05
1.42393030e-05
3.82969423e-05
2.06522898e-05
4.69681068e-05
9.06763529e-05
1.76069238e-05
3.26974703e-06
2.01056580e-05
1.82675908e-05
1.50012425e-05
1.37337545e-04
1.47494612e-04
3.61925876e-04
1.41586547e-04
6.25151712e-05
1.28597313e-05
5.34683160e-05
7.93544353e-05
8.87630370e-05
2.39844316e-05
1.18895215e-04
4.47143500e-04
3.71488446e-04
2.14201958e-04
2.72015453e-04
4.93766685e-04
3.09069733e-04
7.08085817e-04
3.26361230e-04
5.30270111e-04
4.78778764e-05
1.39531193e-05
4.35541049e-04
2.33714221e-04
4.33824084e-05
1.73184214e-05
6.49224589e-06
7.68213030e-07
9.77742155e-06
2.00389051e-05
1.09744740e-05
5.76263018e-05
3.81324804e-05
9.85573685e-06
6.13762506e-06
1.86589863e-06
2.52287039e-07
6.07343954e-05
6.43827923e-05
2.36864855e-05
2.14149711e-05
3.84031474e-06
2.76218539e-05
2.75101322e-05
8.02882028e-06
2.28114355e-05
7.54433108e-06
4.80819666e-05
6.65709772e-05
1.66717358e-04
5.26713911e-06
2.76174783e-05
4.44506225e-05
2.25467704e-05
3.76835748e-05
6.14931308e-05
1.16107650e-05
8.77540523e-06
5.66747289e-06
6.05619259e-06
1.31249084e-06
2.44352053e-06
4.75524575e-06
1.65101171e-05
7.22078486e-06
5.60465661e-06
3.87594935e-06
3.72730617e-06
7.42644328e-06
1.31020662e-05
2.51491064e-06
2.09078098e-06
2.51122242e-06
9.86610537e-06
2.19506884e-06
1.67767846e-05
1.90151054e-05
2.00251775e-06
1.67195480e-05
1.44067062e-06
2.41362061e-07
4.81018537e-06
1.30955840e-05
2.12059607e-05
5.07918842e-05
4.48581517e-05
1.56327404e-05
1.89662758e-05
7.72675052e-06
5.42830511e-06
1.44178257e-06
9.66077468e-06
1.05350028e-05
9.08691101e-06
1.50760670e-06
9.95426617e-06
8.63499737e-06
3.02182730e-05
7.87275116e-05
4.27144851e-05
2.56112357e-05
6.32737972e-06
9.23499650e-05
8.95340626e-05
3.22084527e-06
7.87088623e-06
6.09717162e-06
6.69987570e-06
7.97063179e-06
1.11897502e-04
2.86515724e-05
1.51151244e-04
9.03620000e-05
6.04478906e-05
3.41990274e-05
1.42240439e-04
7.25316825e-05
5.48818993e-05
2.26995448e-05
3.45160112e-06
5.44986010e-06
1.51391425e-05
2.11538693e-05
8.20625273e-06
3.91408847e-05
2.65072727e-05
1.50094522e-05
2.60786344e-05
3.13169699e-05
4.20616714e-05
1.55698396e-05
2.16733444e-05
6.99746741e-05
1.01441259e-04
1.51944804e-05
1.55053837e-05
6.80404302e-06
4.54008647e-06
1.35821882e-05
9.49131447e-06
5.18677411e-05
3.02370184e-05
7.05265365e-05
1.04607530e-04
1.57247611e-04
1.63872450e-05
1.21536025e-05
7.37874198e-05
1.34167789e-05
1.12623645e-05
8.65823049e-06
1.27711105e-05
1.39891866e-05
1.82491665e-05
3.37012781e-05
2.02208612e-05
2.90460256e-06
8.73554766e-06
1.13235352e-04
4.29356062e-05
2.44514113e-05
1.62462531e-05
2.02480991e-05
1.46539073e-05
5.21622847e-06
1.51549648e-05
5.49993287e-05
5.22481326e-05
9.50563562e-05
1.14326380e-05
1.72018296e-05
1.40755998e-05
1.46506396e-05
2.85047254e-05
9.48655112e-05
5.01214453e-05
8.29042886e-05
4.13073577e-04
5.21456782e-04
1.87356475e-04
2.92723757e-04
2.49090840e-04
6.81769504e-05
1.90044450e-04
2.26273172e-04
5.82096894e-05
4.60242843e-05
5.23797882e-05
2.48957756e-05
2.91378566e-05
4.41307555e-05
7.45211146e-05
5.58057374e-05
2.52571179e-05
5.55030114e-05
5.93105731e-05
1.44508581e-04
1.49160580e-04
1.43481917e-04
3.87238874e-05
8.82872269e-05
1.03947015e-04
8.67417903e-06
5.17582332e-06
1.26293467e-05
3.81923540e-05
2.74957305e-05
1.40180591e-05
2.19019728e-05
6.20298727e-05
1.17517012e-05
6.34911717e-06
7.98403135e-06
2.80324407e-05
4.86370292e-05
1.16571641e-05
1.64455339e-05
2.47790758e-05
4.51623621e-05
9.53716937e-05
2.13057743e-05
3.47368625e-06
1.15329832e-05
1.43773523e-05
3.99777138e-05
2.74487761e-05
5.08747411e-05
1.85773384e-05
5.89084995e-06
2.27981754e-06
5.22669083e-06
2.34157328e-06
2.16750746e-06
2.47682126e-06
1.12420123e-06
3.48189490e-06
2.97010382e-06
1.41947717e-05
6.94572241e-05
7.22092886e-05
7.53664707e-05
1.38227319e-05
1.56502244e-05
6.38285112e-06
2.65990065e-06
1.68011040e-05
5.40365394e-05
3.71948310e-05
4.31010709e-05
4.41472842e-05
3.71554220e-05
3.90174717e-05
7.72240181e-06
1.87731862e-05
2.63569609e-05
1.43469457e-05
5.82640647e-06
2.23315907e-05
2.08128327e-05
2.70823226e-05
1.91863210e-05
1.15995859e-05
5.71071902e-06
1.29052393e-05
1.80559435e-05
2.60932592e-05
1.76164173e-04
7.00204506e-05
3.93947339e-05
2.18615885e-05
5.07339153e-05
2.55356188e-04
2.14711003e-04
9.58072936e-05
7.48236466e-05
1.12521951e-04
1.59668106e-04
3.37360237e-04
2.40683422e-04
8.04230069e-04
6.33650280e-05
4.84936806e-05
8.77867036e-05
7.02315645e-04
4.20544575e-04
5.50859129e-05
4.86189311e-05
1.33381978e-05
2.90481025e-05
1.98061889e-05
6.90411176e-06
3.30212200e-05
7.05792288e-06
8.56061402e-05
1.66925803e-04
5.15990766e-05
7.11970001e-05
1.28422650e-04
3.02916990e-04
1.40662036e-04
3.61627228e-04
6.91418202e-05
3.88921603e-05
9.85769862e-05
5.00671008e-05
6.24935950e-05
1.36139523e-04
3.22529899e-05
1.65659851e-05
4.95154925e-06
4.40721076e-05
4.83401142e-05
5.76361000e-05
5.20360499e-05
1.20710776e-05
1.62518734e-05
4.54192732e-05
3.22937736e-05
1.54188638e-05
1.10026700e-05
3.79714106e-06
2.62975643e-05
1.21342010e-05
1.33239638e-05
1.29764754e-05
5.98965503e-05
2.02238921e-04
3.27647773e-04
2.91703588e-04
4.96604297e-05
2.41851185e-05
3.76724208e-05
1.51099100e-05
5.96313555e-05
1.19214377e-05
1.53112073e-05
2.09713455e-06
3.46969906e-05
6.40687351e-05
1.25880485e-04
3.27549412e-04
5.87527080e-04
6.18355379e-04
1.88655341e-04
3.99255250e-05
7.27209337e-05
2.08036255e-04
6.01035855e-04
3.09512396e-04
4.71942644e-05
2.14068085e-05
1.00175566e-05
9.88565421e-06
4.03045049e-07
4.72836996e-06
1.09172941e-05
1.88610374e-05
1.61018808e-05
6.97925334e-05
1.24653725e-05
9.56757981e-06
1.00421095e-05
3.05468253e-05
1.17033302e-04
4.70632321e-05
9.90852362e-05
3.40475721e-05
4.59313132e-05
1.37236965e-04
1.02280225e-04
1.30552888e-05
7.00792893e-06
2.31588798e-05
1.28407003e-05
1.59413973e-05
1.20336135e-05
3.77356042e-06
6.24624434e-06
2.83432806e-05
7.66477190e-05
2.06870230e-04
1.41005598e-04
1.43043941e-04
4.95721650e-05
3.74026002e-04
8.86026362e-05
3.31457864e-05
2.36074901e-05
1.50028000e-05
1.01563909e-05
1.09227397e-05
4.02768380e-06
4.90766185e-06
1.86085412e-05
2.07436434e-05
2.45036840e-05
2.71541094e-05
1.77162196e-05
3.81771914e-05
9.74396645e-05
1.57888810e-04
1.08723428e-04
4.18418881e-05
2.97031942e-05
1.64287114e-04
4.67761213e-04
5.38045029e-04
1.52298076e-04
4.58456527e-04
1.33461490e-03
8.68849794e-04
4.41607841e-04
1.30335868e-04
1.46643682e-05
4.34126436e-05
6.93610170e-06
2.05637902e-05
2.03806816e-05
1.41782244e-05
7.94158648e-05
1.53772077e-04
8.46675373e-05
3.02707342e-06
3.29188277e-06
4.27222660e-05
9.34420592e-05
9.47211211e-05
3.87844106e-05
1.64738340e-04
1.47341743e-04
9.40312870e-05
2.48547106e-04
2.37163610e-04
4.27617321e-05
3.34730095e-04
1.40040430e-04
8.48583737e-05
1.13452088e-05
8.95338961e-06
1.18410471e-05
1.18366061e-05
4.04547103e-06
4.97573029e-05
5.72152764e-05
1.20303629e-05
2.29916703e-05
1.83398890e-05
1.95741436e-05
1.34188277e-05
1.02927156e-04
8.81313971e-05
7.79892533e-05
1.62703739e-05
5.11930334e-06
1.60921713e-05
5.52634996e-05
9.10499866e-06
3.45557178e-05
3.76706469e-05
1.36312758e-05
1.18071927e-05
2.35872231e-05
2.41325214e-05
1.24348727e-05
4.54603457e-06
8.73352899e-06
2.62285945e-06
1.00137170e-05
6.91543432e-06
7.20205585e-06
6.25817297e-06
2.91942891e-05
3.47629297e-05
1.51196497e-04
1.94733975e-04
4.15377422e-04
3.99574557e-04
3.89150953e-05
2.70580221e-05
1.89345349e-06
2.07395302e-06
1.92894760e-06
6.73170810e-06
4.59843859e-05
2.62023844e-05
4.16669769e-05
4.67104801e-05
9.98720984e-05
5.96853767e-05
3.64928544e-05
3.08965101e-05
3.08796126e-05
1.17308059e-05
5.75218391e-06
5.71937211e-06
4.08634836e-06
5.72745453e-06
1.94589350e-05
1.11188819e-06
4.49244997e-06
6.02507587e-05
2.28385330e-05
3.79418372e-06
2.06894979e-06
4.82672621e-06
1.42857214e-05
2.08589865e-05
2.13975938e-04
3.84878607e-05
5.64544541e-05
1.11683725e-05
4.50332542e-05
1.22290996e-05
2.36266943e-05
2.06051671e-05
3.90281507e-06
4.74622782e-06
2.74333357e-05
4.48631991e-05
3.57058969e-05
4.11853689e-06
2.46843776e-06
1.11311065e-05
2.29353791e-05
5.48744539e-05
8.42719759e-06
6.42069352e-05
1.54933906e-04
3.29133998e-05
4.05905871e-05
9.13427674e-05
4.52994740e-05
3.00983472e-05
6.45658310e-05
7.45335614e-05
1.10994956e-04
4.32843827e-05
7.57107054e-05
5.44272741e-05
3.36099086e-06
1.46404871e-05
3.89696133e-05
9.52180045e-05
4.84334470e-05
1.87741167e-04
1.63425760e-04
1.41406721e-04
5.26349355e-05
1.59713614e-05
8.90756741e-06
2.95370381e-06
2.34706142e-06
7.25093520e-06
2.64213876e-06
1.47077582e-05
5.33227880e-05
5.71366678e-06
2.64642395e-06
9.31523947e-06
3.53335594e-06
1.67189088e-05
2.29919183e-05
4.64326483e-05
3.93941703e-06
1.29556058e-04
2.08245365e-04
2.76663740e-04
7.88460844e-05
1.43191143e-04
3.35647014e-04
1.29696512e-03
2.43077751e-04
8.96258379e-04
1.03907764e-04
3.50021655e-05
3.86456397e-05
1.38497564e-05
9.70195724e-06
9.30481956e-05
2.47340832e-05
1.01925040e-05
5.88187315e-06
2.37689716e-06
1.63305164e-05
1.19096745e-05
6.47502974e-06
6.49065568e-06
7.92887205e-05
6.16757074e-05
1.04905691e-04
7.79368617e-05
2.37586935e-04
4.03830015e-05
4.82414010e-05
1.32272923e-04
9.39748413e-05
2.77866945e-05
4.91359220e-05
2.98848025e-05
2.38935009e-05
2.10632355e-05
1.22458073e-05
1.04624788e-05
1.61574399e-05
4.16444431e-06
9.69196363e-06
1.09016482e-05
1.78295698e-05
1.58468082e-05
6.34946916e-06
1.21657526e-05
6.51276830e-06
5.51230915e-05
4.42964452e-05
1.23289142e-04
1.56853520e-04
2.28739633e-05
4.88063125e-05
3.92567876e-05
8.53488561e-06
6.56382218e-06
3.04014334e-06
5.55081220e-06
1.13469454e-05
1.65001418e-05
2.56644940e-05
