6.85514279e-05
3.66237506e-05
3.76982331e-06
2.92005779e-06
7.47438589e-06
9.43740284e-05
1.08620653e-04
2.11687769e-04
1.96432234e-04
4.14523746e-04
1.41010145e-04
6.73977750e-05
8.31062463e-06
5.59123840e-06
1.19437060e-05
2.09816666e-06
9.23259677e-06
1.20012627e-05
2.16702966e-05
3.37260437e-05
2.24012955e-05
5.61703141e-05
2.59463491e-05
2.85841580e-05
5.14869265e-05
6.87577079e-05
1.28848269e-04
3.39699054e-04
2.34123945e-04
6.76038119e-05
9.19119694e-06
7.30262677e-05
7.43660006e-05
5.82251760e-05
2.87667916e-05
7.49213287e-06
2.07470462e-05
3.47337912e-05
7.15745812e-05
1.94773306e-05
7.07332857e-05
1.14418758e-04
1.20720625e-04
1.69386314e-04
1.54940229e-04
1.66610691e-05
1.35576653e-05
4.97677590e-06
9.37819018e-06
3.06305741e-05
2.63479846e-05
1.75682890e-05
2.15187252e-06
1.16771617e-05
9.54139161e-06
2.04525734e-06
3.49734642e-06
1.75733837e-05
4.54309853e-05
2.32729395e-04
1.48910574e-04
2.55424989e-06
6.70206803e-06
2.56810117e-05
1.76759256e-05
1.70463745e-04
9.28770889e-05
3.63220007e-04
1.11659993e-04
2.82351822e-05
6.66520231e-05
2.81536050e-05
6.59149310e-06
1.71711606e-06
5.58650495e-06
4.32197075e-06
4.48902184e-06
4.82316649e-06
2.11671286e-06
6.64485952e-06
7.91105106e-06
6.06491044e-06
1.96392675e-05
9.04395771e-06
3.19112933e-06
8.35105715e-06
6.59184575e-05
3.81497408e-05
7.69560622e-05
1.66843962e-05
1.47207399e-05
9.36506064e-06
5.71948722e-05
7.73646078e-05
3.30762388e-04
6.95155760e-05
4.92200648e-06
2.86170792e-06
1.06268992e-05
1.01864721e-05
5.52862181e-05
1.26636594e-04
8.52900256e-05
2.46400036e-05
9.00410161e-07
1.99740968e-06
5.44629671e-06
2.78630162e-05
8.40014858e-05
4.83005425e-05
3.53963290e-05
2.11763549e-04
9.00740647e-05
1.30250361e-05
3.39220183e-05
5.49904485e-06
3.68239826e-06
8.22014939e-06
7.50668725e-06
7.85019886e-06
8.74674995e-06
2.34005041e-05
2.59864138e-05
1.57363307e-05
1.04101876e-04
1.65330558e-04
3.32177732e-04
3.37949329e-04
2.42008909e-04
2.00783651e-05
2.01238014e-06
1.93817913e-06
1.49788537e-06
7.05103802e-06
2.83473300e-05
1.98689282e-05
3.37950159e-05
3.18167944e-05
2.72795298e-05
3.25725808e-06
9.83382873e-06
5.18714347e-06
7.02857650e-06
1.35320003e-05
5.94094000e-06
2.10014994e-05
2.08548890e-06
7.80920600e-06
7.47652361e-05
1.80342841e-05
7.42918672e-06
9.32912542e-06
1.55140678e-05
4.95884843e-05
6.49262105e-05
1.68144316e-04
4.09088715e-05
6.43440750e-05
4.58398926e-06
1.41002184e-05
1.31492248e-05
3.60031356e-05
4.32918153e-05
1.75205216e-05
2.36654864e-05
1.10904965e-05
1.64086318e-05
8.70651293e-06
2.10514361e-05
9.08482236e-06
3.01259354e-04
2.02586888e-04
7.77378316e-05
3.57566153e-05
1.95030764e-05
4.35299176e-06
2.46716093e-05
1.61525812e-05
1.16209355e-05
5.16082209e-06
7.88485770e-06
1.75506021e-05
1.03535025e-05
3.29857387e-05
1.45742694e-04
1.10269243e-04
5.62402477e-05
8.10514084e-05
3.14407209e-05
2.38366979e-05
6.51433979e-06
1.55399551e-05
6.83267768e-06
1.81997201e-05
1.81983565e-05
3.08314324e-05
6.41806018e-05
2.90408513e-05
4.66637779e-06
2.16824319e-06
6.62172194e-06
2.92713634e-06
1.31646965e-05
1.01339980e-05
7.96498125e-06
1.77044967e-05
1.82408623e-05
7.61520650e-06
9.62552007e-06
7.52392262e-05
1.59734792e-06
2.74113136e-06
5.99597909e-06
3.90651625e-05
6.62695452e-05
1.86791740e-05
3.67653272e-06
3.29822125e-06
5.89930064e-06
1.29941859e-05
5.68222692e-06
1.53540710e-05
6.89993858e-05
3.15333677e-05
8.48723463e-06
2.93626642e-06
5.00417123e-06
1.00576777e-05
1.34634913e-05
7.61567034e-06
3.24406274e-06
9.96452873e-07
2.01983079e-06
4.48750104e-06
1.31219712e-05
1.93531668e-04
5.51653388e-05
1.20031644e-04
9.47991671e-05
1.13758143e-05
7.82041720e-06
3.60449427e-06
1.14929307e-05
4.60855519e-06
2.94722753e-06
5.01561220e-06
4.42699028e-05
1.65737905e-05
2.28135036e-05
3.02383074e-05
1.92650192e-05
5.97388414e-05
1.55092588e-05
8.00731327e-06
4.33278525e-06
4.42312692e-06
6.96062338e-05
3.20800809e-05
1.19187082e-04
4.21921493e-04
1.17138592e-04
2.75458204e-06
1.67797160e-05
7.27474165e-06
1.81139476e-05
6.36301139e-06
7.77178567e-06
4.12196758e-06
2.59389351e-05
3.39830743e-05
1.61242295e-04
8.93116356e-05
1.52735187e-04
2.88411403e-04
3.56483640e-04
3.29295299e-04
2.92189599e-04
2.34257655e-04
1.16105105e-04
8.56833327e-06
3.09202972e-05
5.07074096e-06
1.12815612e-05
2.00463127e-06
4.46442165e-06
5.98496194e-07
3.90247045e-06
1.24540828e-05
1.10380800e-05
2.65628973e-06
1.51208804e-06
9.92488778e-07
3.63350404e-06
2.20743004e-05
5.53267822e-05
5.61331832e-05
5.79674960e-05
5.55621703e-05
4.73965572e-05
7.34238697e-06
1.69907097e-06
2.79218853e-06
2.49030187e-05
9.42122194e-05
2.39509158e-04
3.12115392e-04
7.90509369e-04
6.54422205e-05
5.87356346e-06
9.18231527e-06
2.27499154e-05
2.39284942e-05
3.37199316e-06
1.10689380e-06
4.73027070e-06
1.44395186e-05
8.73569158e-05
6.06206902e-05
6.84195153e-05
8.27701590e-05
4.24589918e-05
7.79295331e-05
6.73456487e-04
2.83036141e-04
1.86074119e-04
1.02069952e-04
7.87839289e-05
8.18345657e-06
7.81188390e-06
3.30383221e-06
5.63363466e-06
4.72265118e-06
3.80330204e-06
4.08877770e-06
2.25304248e-06
3.59445385e-06
7.66595033e-06
7.23999496e-07
7.57966617e-07
8.08060897e-07
2.45093524e-06
2.87257823e-06
1.09299413e-05
9.23938172e-05
4.54108222e-05
2.32868349e-05
1.40268343e-05
6.68429846e-05
3.31629490e-05
1.61712534e-05
1.26194563e-05
3.73265039e-06
3.04683866e-06
1.04708689e-05
1.20041217e-05
1.06895364e-04
1.16978801e-04
2.52601752e-05
1.56624496e-05
3.89032389e-05
7.19417640e-06
7.58433763e-06
1.83063513e-06
8.17722576e-06
2.69202247e-05
3.38571205e-05
1.54030537e-05
9.60474325e-06
2.33696991e-05
8.04626721e-06
7.77856933e-06
1.97818141e-05
4.63087223e-05
1.83826721e-05
3.79558959e-06
2.43563611e-05
8.83329586e-06
6.16283643e-06
2.45868652e-06
5.80654533e-06
2.00448063e-06
1.41435906e-06
3.53588496e-05
4.30646767e-05
3.84517176e-04
1.15783042e-04
2.53473788e-05
1.27648245e-05
1.39777830e-05
4.07596597e-05
9.69069775e-06
2.06192418e-05
1.22115608e-04
5.18891044e-05
1.16648807e-04
2.58113065e-04
3.39102591e-04
6.64600845e-05
1.09099107e-05
5.39182551e-06
3.76931874e-06
7.85389991e-06
7.74956297e-06
1.38120462e-06
2.99994715e-06
1.64175719e-05
2.50728408e-06
4.60490628e-06
4.54014563e-06
2.46854422e-05
6.21086582e-07
4.31051043e-06
1.31479866e-05
6.79898732e-06
8.30418227e-06
4.46317590e-06
6.83977260e-06
5.83616241e-06
1.72085687e-05
3.07576186e-05
1.70673957e-05
1.81039389e-06
2.67280516e-05
6.83766063e-05
5.03214529e-06
1.03195938e-05
8.08906218e-06
1.27503153e-05
3.63420134e-06
2.80885366e-05
1.15977536e-05
6.22300267e-05
2.31022644e-04
1.96307599e-04
3.62009732e-04
3.25281706e-04
1.18206052e-04
9.22145158e-06
6.20249677e-05
5.99099422e-05
7.85485170e-05
1.06339613e-04
1.87124245e-05
2.95928630e-05
1.84087364e-05
7.56971679e-05
8.77892823e-05
7.00399789e-05
6.09918315e-05
5.28393622e-04
5.36833468e-04
2.61493542e-04
1.08724574e-04
6.68115543e-05
7.83750330e-05
1.97486271e-04
2.07520335e-04
1.34632710e-04
5.92040421e-05
2.46369148e-05
7.60810800e-05
2.64789403e-05
9.23230377e-05
1.90306155e-04
1.81720325e-04
1.71547189e-04
2.26317586e-04
1.15435765e-04
6.35587506e-05
4.56830187e-05
8.42913856e-05
6.35136417e-05
2.18933444e-05
1.35656382e-05
1.41870530e-05
1.69466578e-05
1.40746483e-05
1.54751217e-05
2.72473605e-05
1.39726673e-05
1.47366462e-04
1.21252881e-05
1.07153708e-05
2.54599133e-05
1.47095056e-05
2.81278295e-06
4.25916093e-05
4.14070233e-05
4.32258499e-05
3.06033082e-05
2.51981411e-05
2.68542915e-05
1.06933955e-05
1.45289787e-05
1.90510616e-05
1.13650214e-05
7.30763256e-06
2.55943519e-05
1.16435734e-04
3.77733893e-04
1.12745442e-04
9.47794362e-05
3.45054090e-05
2.38648731e-05
2.35830612e-05
1.97931578e-06
5.30259352e-06
6.52537758e-06
1.98769796e-05
3.68685819e-05
1.59796386e-05
8.16546585e-06
3.94045816e-05
3.32593101e-05
1.18499688e-04
5.28307454e-05
1.46867789e-04
3.11913661e-05
2.35316357e-05
4.94312240e-06
1.56578825e-06
1.21373080e-05
6.28186842e-06
4.05983365e-05
1.58981018e-04
1.58769620e-04
2.13276978e-04
3.26256287e-04
2.90891294e-04
6.81178848e-04
5.06179859e-04
1.12067195e-04
3.14245739e-04
1.43371163e-04
1.78021453e-05
5.13438286e-06
1.58640929e-05
1.54953323e-04
1.16492605e-04
4.05866164e-05
7.55082710e-05
2.77578958e-05
1.11378579e-04
6.74853568e-05
1.85372960e-05
9.74491759e-06
1.36426191e-05
3.31343658e-05
1.02901162e-05
1.53893288e-05
5.92987590e-05
7.65610161e-05
1.05340958e-04
1.29447143e-05
6.67076532e-06
6.94403924e-05
1.97685194e-04
2.76884510e-04
2.68690207e-05
3.40258729e-05
2.29548646e-04
1.19293645e-04
1.66491320e-05
1.20572872e-05
5.67300422e-06
4.62263544e-06
1.11970344e-05
1.60531354e-05
4.56368358e-06
1.87304765e-06
8.99761666e-06
3.72150334e-05
1.50653937e-04
1.56503836e-05
1.31481302e-05
5.24992159e-06
1.38495511e-05
2.64603128e-05
2.81939284e-05
1.27135606e-05
1.18208630e-05
1.23812601e-05
3.99319871e-06
2.92058163e-06
5.04637395e-06
6.03113318e-06
1.08202986e-05
5.58654593e-06
4.91407206e-06
1.53621362e-05
3.98330114e-05
3.54924113e-05
9.28090243e-05
6.92378032e-06
1.35141764e-05
9.43056042e-05
2.86200586e-04
2.39668473e-04
4.85283870e-05
1.86236185e-04
5.92706040e-05
1.16241348e-04
1.33263143e-04
1.18071259e-04
1.30494291e-04
1.72620462e-04
5.03494513e-05
1.19218180e-04
1.69453736e-04
4.13727134e-04
4.60105821e-04
6.39900833e-04
3.38758329e-04
2.88918291e-04
4.54294755e-04
1.67094333e-04
1.48523210e-04
9.55325450e-05
3.83409649e-05
8.46648245e-05
1.50894448e-04
1.10147024e-04
3.12987791e-04
1.04204760e-04
2.95808911e-05
3.99897120e-05
2.34538375e-05
3.92175719e-06
2.22451344e-05
1.29857868e-04
7.53642664e-05
1.12981530e-04
3.04161998e-04
4.20007671e-05
1.29927430e-04
1.31239903e-04
5.11466030e-05
3.76866727e-05
3.45320738e-05
1.62371874e-05
2.23405419e-05
6.83763100e-05
4.49062701e-06
8.30049996e-06
2.33602306e-05
9.88442819e-06
7.47901011e-06
7.82733796e-06
6.85743793e-06
1.01768525e-04
4.95431793e-05
2.68299256e-05
2.71194045e-05
2.15550921e-05
1.22079335e-04
3.57155893e-05
3.19760284e-05
1.80441776e-05
4.87403389e-06
6.70969572e-05
6.92889930e-05
3.09084611e-04
2.99126595e-05
1.37890917e-05
1.11783512e-04
3.86561152e-05
2.24109638e-05
1.41045674e-04
1.87778211e-04
9.12465061e-05
3.71140951e-05
2.68925617e-05
3.89602765e-05
1.13562095e-05
9.95513971e-06
2.65558149e-05
6.42465383e-05
4.53106777e-05
2.67499727e-05
3.21429037e-06
7.40869337e-05
5.81882311e-05
3.64389620e-05
1.06424898e-05
5.13594269e-05
3.94150435e-05
2.33865630e-05
8.28581421e-05
7.57854001e-05
5.52997959e-05
2.99839498e-05
1.66660409e-05
4.68346323e-06
9.24585535e-06
1.13007540e-04
3.12560841e-04
1.59383496e-04
2.61609763e-04
9.18769185e-05
4.63086827e-05
9.12166078e-06
2.99913951e-04
1.71376135e-04
1.30867511e-05
1.09299080e-05
1.39683572e-05
1.98952682e-06
2.38577739e-06
4.02423051e-06
1.20925362e-05
1.98889260e-05
4.99962244e-05
6.29529363e-05
1.25058604e-04
2.56023533e-04
4.94970572e-05
2.17774175e-05
4.95247001e-05
1.09955574e-04
3.24502844e-04
3.40379791e-04
1.06257735e-04
1.50879088e-04
2.53291859e-04
1.99527781e-04
1.43933875e-05
4.42576494e-05
1.57485320e-04
1.72282530e-05
7.18888453e-06
9.31906533e-05
6.93576802e-05
1.01945016e-04
3.88634807e-05
8.52683089e-05
1.14070018e-05
2.71599331e-05
8.59120943e-05
1.28750346e-04
1.35751373e-04
1.19250811e-04
4.12990309e-05
1.04728187e-05
4.94718823e-05
2.04600951e-04
1.18937831e-04
4.30877959e-05
1.68016713e-05
5.14553404e-05
1.60512418e-05
1.00012721e-04
8.35600194e-05
3.36969003e-05
7.99168233e-05
6.47318354e-05
5.47515562e-05
6.66400657e-06
8.60077067e-07
8.04010560e-06
1.56688117e-04
3.44341474e-04
2.50995204e-04
1.02714490e-04
1.08749628e-04
5.45959556e-05
3.97671972e-05
1.84425303e-04
3.96818742e-04
6.97940974e-04
5.56146226e-04
9.48857159e-05
7.27767128e-05
1.59172713e-05
3.21994180e-05
1.89545551e-05
4.33555935e-05
1.48822136e-05
5.17914382e-06
6.42098418e-06
1.12884574e-05
8.56619372e-06
9.10446335e-06
8.46735739e-06
1.94631483e-05
2.25538415e-05
4.15443751e-05
8.86272281e-05
2.54029059e-05
2.45823541e-05
2.08717484e-05
1.63963087e-05
1.84144318e-05
1.73183994e-05
9.79177152e-05
4.21824505e-05
1.00473512e-05
3.37894712e-05
7.52922864e-05
3.44876691e-05
1.74935254e-05
2.52991941e-05
8.66329853e-05
1.22215134e-04
1.08864956e-04
5.22525011e-04
1.53915615e-04
6.21698512e-05
3.95961835e-05
1.61939484e-05
5.41465626e-06
2.39219959e-05
2.36591856e-05
1.82812582e-05
7.43109580e-05
3.50543288e-05
3.10631667e-05
2.21549429e-05
3.52675759e-05
1.96479329e-05
2.75452972e-05
4.45767849e-05
1.85672861e-04
4.01256283e-05
3.99607862e-05
2.88329063e-05
1.87780942e-04
5.74836458e-05
4.48741343e-06
4.95796971e-06
7.07745249e-06
5.45618774e-06
1.22779982e-05
1.35475306e-05
8.34879565e-06
3.67942368e-05
5.93852648e-05
1.44263965e-04
9.82032059e-06
1.26318779e-06
2.91061525e-06
3.41355578e-06
7.19947765e-06
2.60715475e-05
9.67890444e-05
1.13710881e-04
3.28773955e-05
7.14940848e-05
7.63778990e-05
1.25802802e-04
1.56100847e-05
2.06931828e-05
1.28201774e-05
4.65471039e-05
5.03753455e-05
7.01575136e-05
2.60967206e-05
7.92841582e-05
1.32221721e-04
6.36165563e-05
1.06984685e-04
3.25073872e-05
1.00022547e-04
1.13419650e-05
5.19748350e-06
9.25197103e-05
6.17520483e-05
5.86062014e-05
9.02446604e-05
9.20872162e-05
1.03782379e-05
1.73717230e-06
7.30960063e-06
2.26049096e-06
6.51773931e-06
1.12385954e-05
3.49352588e-05
4.26662077e-05
3.82095929e-06
3.56740727e-06
2.66136735e-06
2.80584655e-05
5.40053409e-05
1.90443020e-05
1.04752227e-05
2.89276602e-05
1.48197972e-05
4.83538617e-06
8.03169466e-06
1.30904620e-05
3.58119022e-05
8.29832637e-05
4.84881705e-05
8.42950082e-05
2.52815218e-05
4.01323090e-05
1.31459396e-04
1.05321415e-05
8.96695720e-06
5.42066628e-05
4.84362845e-06
1.53084454e-06
8.40439845e-07
4.70277964e-06
1.02531591e-05
5.58580327e-05
1.39282287e-04
2.06845020e-04
1.49472058e-04
1.47692071e-04
2.97027271e-04
8.61990834e-05
3.05463665e-05
3.50575392e-05
5.95398948e-05
3.08163787e-05
3.26905422e-04
9.85013562e-05
5.05004941e-05
3.54276743e-04
2.20350902e-04
1.51659890e-04
1.16736112e-04
4.07554716e-05
1.05407150e-05
4.96934939e-07
4.07848288e-06
1.56945147e-05
9.91375263e-05
4.46750038e-05
2.51829008e-05
2.75227080e-05
4.53014974e-05
8.24648298e-05
3.20404885e-05
1.82295979e-05
1.36849947e-05
1.38149625e-05
6.95574040e-05
1.67061907e-05
1.45940902e-05
3.41885720e-05
8.52621430e-06
7.27718019e-05
1.42156042e-04
1.27505856e-04
3.37517045e-05
2.06814553e-05
1.79711979e-04
2.92053911e-04
1.24839945e-04
1.02051761e-04
1.80443677e-04
1.26303881e-04
1.04223699e-04
2.20925755e-04
1.41229736e-04
8.82977176e-04
4.96492132e-04
1.43385746e-04
2.85478371e-04
2.59067211e-04
1.52706804e-04
1.60112083e-04
8.72602266e-05
3.61700326e-05
6.48565812e-06
1.02249321e-04
7.17652160e-05
6.51642648e-05
8.26863552e-06
2.81017670e-06
1.15042522e-06
3.83955055e-06
1.73685398e-06
6.87136590e-06
9.60750929e-06
2.57435632e-06
1.69262348e-06
7.30551041e-06
2.27638173e-05
8.52874696e-06
1.02707686e-05
1.38645323e-05
2.44332174e-05
3.61062446e-05
3.88001390e-05
2.64851370e-05
2.33587874e-05
1.71553354e-05
3.13629509e-05
2.54665615e-05
2.12036831e-05
1.99130879e-05
3.77633481e-06
1.17225380e-05
4.12604894e-05
7.10547218e-05
2.00185662e-04
6.21517523e-05
2.44962631e-05
1.58625203e-05
1.86527011e-05
1.82325983e-06
1.35080668e-06
1.78951231e-06
1.94102395e-06
5.09055895e-05
5.75107150e-05
5.48318307e-05
4.23899266e-05
8.70148399e-05
2.90246360e-04
1.15349350e-04
8.51589735e-06
2.11159278e-05
4.55793979e-05
7.06902257e-06
1.35003526e-05
1.47325305e-05
9.33100187e-06
7.53357580e-06
1.63430518e-05
4.59903011e-06
4.26648786e-06
1.15990885e-06
2.90655420e-06
3.40522528e-05
5.76471384e-06
7.59592369e-06
2.98171969e-05
1.94262941e-05
4.37252997e-05
8.02295423e-05
1.71966430e-04
2.03774974e-04
8.52240475e-05
3.42315935e-05
1.76688726e-04
6.71432112e-04
4.15565036e-05
1.61967148e-05
4.82725119e-05
4.83551383e-04
1.15903172e-04
7.85972579e-05
1.27194706e-04
6.34874901e-05
3.28074498e-05
2.57852201e-06
9.90259633e-06
2.45752892e-05
2.10193136e-05
2.98312595e-05
1.92963694e-05
1.63406606e-05
8.10978521e-05
1.33375120e-04
3.59209795e-04
1.98792085e-04
3.59456071e-04
1.43337562e-03
2.52961607e-04
2.74454535e-04
1.43750357e-04
3.44594079e-05
8.67071315e-05
1.50692193e-05
1.99713835e-06
5.16538707e-06
4.79548885e-06
8.97230460e-06
4.10999641e-05
7.28833210e-06
1.05448499e-05
3.72677979e-05
4.45955262e-05
3.99012415e-06
4.91748690e-05
2.47964718e-04
5.57533913e-04
1.01620442e-04
1.11051436e-04
1.71381989e-05
1.49502625e-05
4.11547185e-05
7.84998711e-05
2.05697459e-05
1.48178988e-06
1.75186014e-06
2.58898259e-05
3.47753460e-05
1.03241247e-04
1.53233145e-04
8.53905955e-05
2.70879543e-05
4.92629764e-05
1.02969856e-04
2.88061961e-05
3.00449143e-04
3.91737081e-04
2.54845995e-04
2.21821190e-04
2.03004455e-04
5.90562195e-04
2.27743421e-04
4.06857485e-04
8.94846890e-05
6.44386032e-05
7.07596241e-05
4.40366566e-05
6.32866449e-05
1.11051210e-05
2.16376889e-05
1.23072826e-05
1.11497195e-05
8.21506503e-06
1.60906894e-05
5.03444975e-06
8.46007666e-06
9.81069577e-07
1.44524035e-05
2.66156936e-05
6.42331545e-06
3.07871929e-05
1.21578725e-05
1.03953498e-05
1.43041113e-04
1.50124842e-04
2.47176719e-05
2.96420954e-05
5.25102940e-05
4.27111893e-05
2.96153244e-05
1.45264419e-06
4.39489197e-05
7.68824255e-05
5.22534748e-05
2.29320924e-05
2.91056036e-05
3.88282236e-05
2.83136719e-04
3.55084186e-05
8.15564602e-05
8.42601677e-05
3.84556668e-04
3.27934596e-04
2.39644665e-04
1.04123678e-04
6.00267351e-05
6.87728075e-06
1.15277333e-05
2.96782645e-05
1.66636508e-04
2.73931950e-04
1.13955587e-04
2.39411484e-04
3.08807003e-05
3.50077278e-05
6.41727291e-06
5.05031559e-06
7.30586084e-06
3.05048117e-05
2.64744683e-05
1.47297925e-05
1.35249398e-05
2.75068801e-05
8.85023652e-06
1.14034498e-05
2.04954229e-05
5.87788964e-05
2.50326022e-05
1.21555244e-05
1.08749843e-05
1.26361539e-05
6.39646528e-06
1.59530210e-05
1.40928211e-05
2.45614070e-05
3.32036961e-05
2.93056881e-04
6.29345117e-05
1.65936895e-04
1.01432712e-04
2.40984641e-05
3.10789975e-05
9.23634380e-05
2.43943296e-05
3.79431807e-05
1.37618946e-05
1.09107426e-04
6.77304542e-05
1.31664545e-05
5.25397929e-05
4.38086292e-05
5.14918325e-05
1.10891766e-04
1.71960285e-04
2.01225590e-04
1.39373343e-04
1.87052633e-04
6.93550434e-05
1.85100983e-04
1.56329757e-04
4.78844547e-05
1.54922133e-05
5.83123743e-07
8.78335094e-06
5.66555733e-06
8.43307190e-06
2.70336856e-05
1.65071341e-04
2.00451503e-04
1.47302667e-04
2.35836596e-04
1.34720086e-04
5.39472951e-05
7.46029593e-05
7.71663982e-05
1.21794687e-04
1.24151897e-04
8.39196348e-05
2.74080234e-05
4.77362092e-05
2.03674643e-05
1.00708659e-05
2.32217134e-05
4.18985005e-05
2.72313567e-05
1.07507775e-05
7.57376474e-06
6.77682441e-07
4.56047357e-06
8.94850199e-06
1.93563821e-05
1.22863476e-04
2.78236747e-04
9.29813434e-05
2.89022204e-04
2.54743054e-04
1.71791287e-04
4.27890085e-05
1.01093348e-04
4.34032503e-05
1.41308584e-04
1.65103718e-04
1.76148889e-04
5.36116577e-05
2.09271234e-05
2.05259738e-05
2.19019870e-06
3.77247350e-05
2.16825901e-05
1.01719817e-05
6.15479898e-06
4.28447714e-06
1.90387189e-06
4.46409028e-06
1.80119716e-05
4.54909067e-06
1.10681035e-06
5.38862364e-06
3.82666612e-06
3.85975331e-06
9.40734239e-06
2.12293404e-05
9.90796469e-06
2.75696270e-05
1.00561963e-05
1.15704306e-05
1.47180080e-05
6.98016931e-05
1.07993480e-04
5.10736129e-05
4.48311647e-05
1.27818624e-05
4.90917159e-06
1.59707355e-05
3.32706391e-05
2.35499457e-04
2.88601341e-04
2.52572556e-04
7.58087286e-04
3.92417244e-05
1.57902761e-05
1.07161002e-04
3.85468129e-05
3.52463430e-06
4.44936032e-06
1.06338090e-05
6.24921138e-06
1.57770216e-05
6.38771791e-06
4.78310064e-05
3.39436703e-05
4.89213878e-05
7.13305541e-05
2.33858770e-05
2.31041794e-06
2.59549228e-05
1.13733197e-05
5.06098854e-06
5.22290530e-06
1.82221096e-05
3.13805021e-05
1.51733683e-05
3.19346894e-05
1.70207051e-05
7.39804806e-05
6.46035618e-05
1.12702696e-05
4.69299869e-06
7.87657886e-06
1.30274330e-05
5.67608353e-06
4.41661669e-06
2.71762064e-05
1.82525921e-05
1.66853950e-06
7.85832873e-06
5.47183053e-05
2.80230398e-04
1.05053702e-04
1.12326695e-04
4.66354619e-05
3.59838008e-05
5.84294077e-05
7.08821710e-05
4.37943474e-05
1.44588446e-05
1.87173244e-05
2.76259066e-05
6.54431561e-05
1.27826223e-04
3.06499965e-05
4.03979660e-06
2.37345075e-05
6.99290591e-05
1.66538714e-04
2.62362171e-05
5.03945236e-05
1.43850473e-04
1.97370647e-04
1.20822333e-04
2.90623381e-05
2.93949262e-05
2.55539122e-05
1.10026174e-05
1.61692257e-05
1.60693366e-05
6.81067929e-05
4.01959034e-05
2.99395212e-05
3.84111272e-05
3.62710324e-05
1.45600727e-05
2.10533969e-05
2.01801686e-06
3.47893436e-05
9.99840490e-06
3.21099659e-06
3.68443975e-06
8.85139524e-06
2.39312672e-05
5.15683731e-05
1.30234192e-04
7.83782371e-05
4.35426510e-05
1.67153728e-05
9.95003498e-06
1.22829370e-05
6.98811061e-06
3.12332794e-05
2.93773027e-05
1.91691025e-05
6.68080975e-05
1.83182173e-04
1.06830591e-03
2.40644479e-04
5.76480807e-05
3.70774322e-05
1.41373102e-04
1.13078044e-05
1.72168443e-06
1.32715277e-05
3.19987378e-06
5.20135381e-06
2.31990726e-05
4.41023166e-05
3.00558802e-05
2.76508768e-04
2.27666904e-04
1.86294831e-04
5.30530844e-04
5.48948728e-05
2.31552449e-04
1.66300637e-04
3.80367409e-04
1.08450059e-04
1.30252952e-04
1.45831659e-05
7.79266104e-05
1.29334948e-04
1.83465174e-04
1.66429300e-04
8.04411623e-05
5.51106463e-06
2.78605632e-07
4.82183012e-06
2.12407966e-06
1.55161657e-05
5.81036705e-06
2.48844251e-06
2.83426888e-06
5.75216408e-06
7.00300271e-06
1.01924118e-05
1.33737136e-05
2.15036400e-05
1.29163534e-05
8.69034765e-05
4.01287269e-05
6.03069319e-06
7.31348549e-06
6.30060555e-06
3.57603383e-06
3.23442943e-06
1.21544971e-05
3.49469419e-06
3.54302529e-06
8.98605152e-07
4.83637600e-06
7.25009297e-06
4.44052169e-06
4.55522028e-06
3.78195019e-05
2.34417386e-04
1.74444098e-04
2.91413636e-04
1.83690150e-04
2.86003090e-05
3.06292209e-05
2.02549663e-05
1.36378965e-05
1.10418308e-05
6.41102360e-06
1.28631998e-05
4.88487577e-06
1.94430454e-05
2.25505790e-05
1.30703740e-05
7.42933326e-05
1.20573889e-04
1.30124451e-04
2.35647671e-05
7.32118019e-06
4.58340837e-06
1.02607375e-05
1.64347344e-04
5.63584474e-04
5.25117719e-04
8.89523209e-04
4.96802529e-04
3.61250037e-04
6.67201966e-04
3.21202298e-04
1.91155260e-04
1.27218211e-04
9.05356224e-05
6.62863199e-06
2.46902628e-05
1.52241835e-05
1.14298340e-04
1.63459782e-04
6.40780882e-04
3.18355900e-04
6.50925222e-04
3.18262986e-04
1.53799448e-04
6.95037394e-05
1.01054913e-04
8.39661889e-04
8.06870376e-05
7.27030724e-05
1.49972700e-04
1.49389962e-05
9.14267262e-06
4.81066689e-05
4.96988984e-05
1.24899191e-05
1.07453769e-05
1.86401867e-05
6.92082277e-05
9.36942329e-05
9.01872575e-05
8.46223410e-05
1.77721763e-04
2.42257600e-04
3.14085175e-04
1.72481144e-04
5.64688398e-05
