2.15765471e-05
4.46248979e-06
3.45469122e-06
2.07370437e-05
8.72253076e-06
3.47418098e-05
1.05270017e-05
1.34005415e-05
1.27501102e-05
1.85233799e-05
2.91343973e-05
4.69716646e-05
4.23462181e-05
8.83224735e-05
3.85093980e-05
1.87860633e-05
6.25842435e-05
5.43495980e-05
8.97590397e-06
1.10496665e-06
1.50525333e-07
6.96137069e-06
3.16166055e-05
2.21856237e-04
1.60720471e-04
7.34611299e-05
5.82893396e-05
3.15742822e-05
9.95443114e-06
1.58006689e-06
2.99189698e-06
2.00798902e-05
1.98049632e-05
7.92422088e-06
3.93331014e-06
2.39507079e-06
1.11159395e-06
5.61777661e-06
2.73533975e-05
3.61194780e-05
3.89612077e-05
8.43136032e-05
2.56799981e-05
9.60178211e-06
3.52266773e-05
7.49426084e-06
1.08667429e-05
2.56907864e-05
9.00261661e-06
1.40769483e-05
1.73905118e-05
1.46975897e-05
9.92009806e-06
3.69985358e-05
1.61713793e-05
1.82340953e-05
1.38013615e-05
4.26902503e-05
1.05216246e-04
2.46560728e-04
2.44331945e-05
4.89662642e-05
4.70400630e-05
4.98120168e-05
7.80979632e-05
2.40188121e-05
5.39030726e-05
1.15364373e-04
1.41755407e-04
9.29558214e-05
4.66964381e-05
2.61529835e-05
9.56061405e-06
8.45056903e-06
1.28601942e-05
5.40969400e-05
5.55332434e-05
1.43219518e-05
9.94992861e-06
1.02473967e-05
3.00484967e-05
1.33428408e-05
4.05684105e-05
8.81162828e-05
6.90773883e-05
1.38075927e-04
6.22664926e-04
3.20006018e-04
9.67066436e-04
6.41521434e-04
1.64990323e-04
3.14592028e-05
2.26433829e-05
6.31218603e-05
3.15752931e-05
1.58791262e-05
2.42723765e-05
6.47094418e-05
5.26285597e-05
1.57369357e-05
1.77542998e-04
9.15535524e-05
2.08480108e-04
1.82765726e-04
1.18294329e-04
3.80993529e-05
1.05401521e-05
7.03156988e-06
3.35996040e-05
1.60856485e-04
3.12026083e-04
1.71621297e-04
5.16841724e-05
9.41196168e-05
8.30322121e-05
1.30799097e-04
3.54405362e-04
4.12635097e-04
1.99737672e-05
1.87194369e-05
1.19599830e-05
8.19372359e-06
6.56758155e-06
3.41719404e-05
1.19605552e-05
2.20859631e-05
9.39849590e-06
4.42562701e-05
1.63771329e-04
2.44263869e-05
2.38301096e-05
8.11201504e-06
2.80479013e-05
4.07044648e-05
6.96950528e-05
1.19873413e-04
5.93166330e-05
1.97296313e-05
1.53840708e-05
1.82378544e-05
8.15563536e-05
6.75540493e-05
6.45544787e-05
3.19693000e-05
1.16602493e-04
1.84085904e-04
1.80256026e-05
4.10945468e-05
2.18503810e-05
1.00244023e-04
6.97279909e-05
5.34821365e-05
4.29156972e-05
5.06976732e-05
7.08072442e-05
9.86370690e-06
1.19130148e-05
2.27177427e-06
1.98014446e-06
2.70444447e-05
4.17665190e-05
2.47797840e-05
8.98589574e-05
5.01598138e-05
1.43091358e-05
4.24318858e-06
4.35312539e-06
9.11998263e-06
6.41819656e-05
5.64249846e-05
1.58927151e-04
2.69020753e-05
3.10553562e-05
1.86597737e-04
2.54781418e-05
4.80796327e-05
1.96531664e-05
5.81470660e-05
4.55307941e-05
2.32877018e-05
4.42175343e-05
3.15764510e-05
1.09519576e-04
1.09939058e-04
7.61239831e-05
8.09714676e-05
2.23022992e-05
6.91145420e-05
5.80866710e-05
4.62229203e-05
2.27695874e-05
1.16496515e-06
3.54385855e-06
7.61775753e-06
2.34654856e-06
1.69572750e-05
2.49873368e-05
1.40408528e-05
4.78046621e-06
1.27042357e-05
6.88394056e-05
5.46889195e-05
5.43808287e-05
1.86290745e-04
6.54195458e-04
3.95130479e-04
1.11786326e-04
2.30607210e-04
3.54918512e-05
2.06132817e-05
6.26942392e-05
2.44223190e-05
3.04309929e-05
5.52623260e-05
1.77927292e-05
9.16802020e-06
8.25404924e-06
1.22383306e-05
3.41599996e-06
1.59919065e-06
4.91216216e-05
2.09205274e-04
1.60053183e-03
6.52684062e-04
7.06999101e-04
7.01026771e-04
8.65338945e-04
8.54539721e-04
5.43407151e-04
3.57924427e-04
3.99342215e-05
1.97453791e-04
1.55578622e-05
5.76574200e-05
3.61923921e-05
1.84187080e-05
5.64047162e-05
2.59657760e-05
6.07660477e-06
5.68909645e-06
2.89520664e-06
1.83311327e-06
4.01319424e-06
3.32060041e-06
2.33571846e-05
5.37629851e-05
6.23914654e-05
8.13353703e-05
1.50857872e-04
6.93267451e-05
3.22487225e-05
6.51920963e-05
2.40096099e-04
1.34939425e-04
3.50091374e-04
3.03427145e-04
3.05807126e-04
1.16749499e-04
2.44878247e-05
2.38493916e-05
5.02161170e-05
1.99278897e-05
2.24638709e-04
1.26025343e-04
2.29211701e-04
1.29057901e-04
6.22214965e-05
2.39338788e-05
1.33955271e-05
2.65769860e-05
1.70341039e-05
2.81922626e-06
1.16361149e-04
6.53819723e-05
3.86816458e-04
8.34185284e-04
3.06827413e-04
4.90431477e-04
5.15996543e-05
1.75024540e-05
2.22304960e-05
3.45379101e-05
1.66787411e-04
1.90720019e-04
3.77174576e-05
1.42643567e-05
9.47585011e-06
4.74241959e-06
4.24666725e-06
2.95580456e-06
9.44985170e-06
1.04926255e-05
1.81842405e-04
9.63583897e-05
4.90165006e-05
7.43967221e-05
1.09063418e-04
1.23222972e-04
4.78144230e-05
2.92808588e-05
5.03386222e-05
5.06104101e-05
2.36759802e-04
1.64169865e-04
1.55385438e-04
4.12456354e-04
8.14834779e-04
6.65410633e-04
4.09221411e-04
2.22380251e-04
1.11093073e-04
4.41162670e-05
5.10332622e-05
1.53197570e-05
3.26664913e-05
1.63483466e-05
1.65170809e-05
1.34562573e-05
7.82195037e-06
1.40419154e-05
3.28024720e-05
1.63334569e-05
4.80989121e-05
4.67295513e-05
5.81824181e-05
3.22657733e-05
6.31037541e-05
1.06864895e-04
1.26249671e-04
2.06179931e-04
1.32519979e-04
3.48524182e-04
6.82548208e-05
5.61812506e-05
1.04693905e-04
1.21203471e-04
1.40656847e-04
6.21185207e-05
7.49526795e-05
8.60376101e-05
3.79841227e-05
6.50573527e-05
1.00829086e-04
1.86392861e-05
9.96029228e-05
6.05970342e-05
3.80016001e-04
2.29520933e-04
1.09590784e-04
1.91927229e-04
1.66352635e-04
6.98779898e-05
6.14834751e-05
7.96020574e-05
2.03606324e-04
3.00811167e-04
2.01019675e-04
1.19143157e-04
7.50811013e-05
5.76546754e-05
6.15610469e-05
2.46831629e-04
8.21750897e-05
3.65797641e-05
1.75957822e-06
2.02436002e-05
3.06493165e-05
3.14730033e-05
1.45868567e-05
3.35891179e-05
9.04089200e-06
7.18973069e-06
8.78355329e-06
1.41932198e-05
5.04244638e-06
3.32337138e-05
1.87922156e-05
4.33062991e-05
4.73185009e-05
4.65733312e-05
9.76992497e-06
7.61228810e-05
4.19282380e-05
1.02285117e-04
6.19064693e-05
6.47855451e-05
5.01948464e-05
1.34289626e-04
1.49390943e-05
1.17244687e-05
1.58172805e-05
1.23590364e-04
1.36573615e-05
1.04777875e-04
6.84569849e-05
6.41203547e-05
1.21775547e-04
7.94035406e-05
7.78856852e-05
1.07538137e-04
1.93894244e-04
4.28390339e-04
2.22424075e-04
3.07340549e-05
2.17942215e-06
2.93050643e-05
2.99812328e-05
3.11528557e-05
1.24826771e-05
8.53324942e-06
8.78169667e-06
2.44312914e-05
7.77444616e-06
1.61686839e-05
4.33980200e-05
3.30488859e-05
8.47273849e-06
1.41070929e-05
2.49750269e-06
4.79944680e-06
1.25370709e-05
8.24123362e-05
1.38479852e-04
2.18816491e-04
9.05870038e-05
1.94844439e-05
5.34405444e-05
2.30358706e-05
1.23264448e-05
4.27901333e-06
5.36469501e-06
6.24086293e-06
3.20571760e-05
2.70729350e-05
2.71829354e-05
5.63579167e-05
8.54531196e-05
4.65132364e-05
9.00353867e-05
1.96148653e-04
3.03621264e-04
3.89371782e-04
2.85650745e-04
5.84857970e-04
3.21976603e-04
1.25774814e-03
9.10026593e-05
9.11438246e-05
9.03576922e-05
1.79532352e-04
2.53856296e-04
1.53308302e-04
4.32846934e-05
1.63462823e-05
3.52769424e-05
2.65015140e-05
5.21473213e-05
2.89132185e-05
4.71201781e-05
8.15329848e-05
1.18384481e-04
9.48569431e-05
1.09762485e-04
1.04445787e-04
8.09091347e-05
7.12953067e-05
2.83461547e-05
6.45288750e-06
9.98021033e-06
3.04503719e-05
3.86260557e-05
3.56951825e-05
1.72870516e-04
2.30264945e-04
7.75476550e-05
1.52260670e-05
2.27044761e-05
9.84732052e-05
1.84955563e-04
3.69897059e-04
5.47302578e-05
1.03330714e-04
5.27360667e-04
9.43393646e-05
1.21399480e-04
5.70623790e-05
1.84274479e-05
6.86460403e-06
1.78746713e-05
8.52939437e-06
3.00440629e-05
5.18552589e-05
3.44989607e-05
6.37650058e-06
5.61473464e-05
1.22778213e-05
3.80858174e-06
4.68370192e-05
4.12172533e-05
3.25238343e-05
4.23643271e-05
1.56601264e-04
1.85282970e-04
3.01564956e-05
1.51617180e-05
1.42484966e-05
3.62634714e-05
1.08222164e-04
9.38169109e-05
2.71962530e-05
4.63615346e-05
6.58377146e-05
1.81925346e-04
5.44200289e-04
1.70780723e-05
8.59266167e-05
6.96077918e-05
2.38319363e-05
2.47753094e-04
1.89548845e-04
1.04727237e-04
7.16205314e-06
8.15849360e-06
6.66615896e-06
1.49903229e-05
6.07417699e-06
1.44791371e-05
2.10294587e-05
1.21147707e-05
1.01712465e-06
3.97757309e-06
2.00697757e-05
1.82843985e-05
8.12831738e-05
6.09477578e-05
6.38705738e-06
6.37504693e-06
9.64233610e-06
4.78186209e-06
1.07935675e-05
5.88095165e-06
2.25842515e-05
1.74209133e-04
2.10881032e-04
2.06733495e-04
2.74001057e-04
1.12104844e-04
1.26988735e-04
3.13139532e-04
6.60529213e-04
2.28496272e-04
2.01156826e-04
3.11824189e-04
4.33024609e-04
1.01158545e-04
5.27208340e-05
9.82438507e-06
4.01267038e-06
7.18464715e-06
4.69391855e-05
2.49222466e-05
2.38875919e-05
1.80163362e-05
7.17062141e-05
6.76761310e-05
1.90590560e-04
4.67315389e-04
6.78814943e-05
1.31017198e-05
1.84272976e-05
1.25593343e-05
9.94278211e-06
3.90175318e-05
9.46837053e-05
7.84469204e-05
3.21742797e-05
5.04716810e-05
2.85601439e-04
2.26679076e-04
2.09148312e-04
7.81214185e-05
1.24753219e-03
1.12786260e-03
3.56032551e-04
1.31590121e-04
3.49630310e-05
1.17007743e-04
1.20081088e-05
7.09471351e-06
7.32605708e-05
2.40980025e-04
2.71783520e-05
4.60518028e-05
2.92047067e-05
1.95033048e-05
1.58238227e-04
4.93384524e-04
1.50255113e-03
2.88555246e-04
3.04620662e-05
7.26724465e-06
4.16561644e-05
1.26461832e-04
6.09985989e-05
1.28597953e-04
5.21120779e-04
6.34666414e-04
2.80992186e-04
1.46266858e-04
1.82823456e-05
6.02306677e-05
8.47559928e-05
2.59967862e-05
5.50457425e-06
2.07929866e-05
3.02078323e-05
1.18298152e-05
9.64661855e-06
2.34678019e-05
1.28204048e-05
2.57286174e-06
2.80666806e-06
2.47403088e-05
9.67418882e-05
2.20081528e-04
1.27079411e-04
8.34229394e-05
3.16950623e-05
1.79682739e-05
5.97621506e-06
1.73522324e-05
2.08315973e-05
9.96748547e-06
7.33498118e-05
1.54269895e-04
4.86301013e-05
8.32812700e-05
7.35872048e-05
1.65873812e-05
2.70043254e-05
4.12263858e-05
1.34051413e-04
1.43567171e-04
1.22166740e-04
1.79560700e-04
3.25308861e-04
1.06500002e-05
8.47576199e-06
1.72201286e-06
1.41314443e-05
1.79956599e-05
4.72075798e-05
1.69274559e-04
9.61025342e-05
2.34570433e-04
8.37052099e-05
1.63167623e-04
9.53984259e-05
8.23656000e-05
3.06971815e-05
1.67110439e-05
4.80624626e-05
5.56910152e-06
1.95894085e-05
1.20018420e-04
1.84909310e-04
1.49602918e-04
5.99162941e-05
1.88093946e-05
4.62945193e-05
1.05154296e-04
5.89312319e-05
9.27029270e-05
7.61533740e-05
5.57049838e-06
2.38891252e-05
3.26125106e-05
6.11480276e-06
1.54030721e-05
2.48819959e-05
4.34585056e-05
9.39602444e-05
2.36365301e-05
5.37288693e-05
1.48699588e-04
1.12364645e-04
2.50670973e-05
9.80248001e-06
1.82536953e-05
3.36367411e-05
1.23911715e-05
1.30401885e-05
6.19821383e-06
2.12684706e-06
1.63532564e-05
1.69354377e-05
9.48977360e-06
3.09989155e-06
2.44168838e-06
2.34947343e-06
5.33403913e-07
2.21775921e-06
2.01793441e-06
1.79487994e-06
2.79229279e-06
1.23801011e-05
1.83591881e-05
1.37834078e-05
4.82279942e-05
1.27460121e-04
3.64863609e-04
7.14694314e-05
2.47551282e-04
8.15943179e-05
7.94270814e-05
4.16390639e-05
4.90759309e-05
1.09755549e-06
5.58891606e-07
2.85617512e-06
4.12570233e-06
5.44904191e-05
1.15104462e-05
1.89953915e-05
4.20013878e-06
1.89743025e-05
1.54762573e-05
4.24328073e-06
5.36022096e-06
2.03290772e-05
5.41116262e-05
1.84611737e-05
1.52109006e-04
1.93138272e-04
2.43598204e-04
3.38702102e-05
1.83855267e-05
3.16768936e-06
1.07174531e-05
9.18219960e-05
2.91104663e-05
1.31222822e-05
3.03417295e-05
7.53125132e-05
8.96647268e-05
5.98856013e-06
1.56111686e-05
8.55521951e-05
4.72757831e-04
2.03729827e-04
4.06109672e-05
1.73012037e-05
2.75896681e-05
9.32504935e-05
2.70947318e-05
2.41500566e-05
1.35190702e-04
4.09802971e-04
2.81110484e-04
2.92178922e-04
3.82548684e-05
3.61499120e-05
3.71298960e-05
1.73350422e-05
2.51254804e-06
9.45726717e-06
3.31472790e-06
2.12956828e-06
4.88176123e-06
3.38310737e-05
8.57544505e-06
8.57074612e-06
1.06409808e-05
4.28789215e-05
1.07805049e-05
1.42519511e-05
2.17645688e-05
3.16651251e-05
5.78803784e-06
7.00098871e-06
1.49117503e-05
5.14235163e-05
3.59514366e-05
1.25694751e-05
2.32244689e-05
7.36064280e-06
5.01452248e-06
7.64778014e-06
9.22683829e-06
1.49478276e-05
3.60140091e-05
1.74651503e-05
7.36207032e-06
3.31142424e-05
2.22171413e-05
3.76063358e-05
1.16284045e-04
3.66083140e-04
8.33934285e-05
1.46327976e-05
4.57763736e-05
8.88114063e-05
7.63869086e-05
2.43945076e-04
1.33090222e-05
3.78879467e-05
3.34560349e-05
1.19665997e-05
2.16445186e-05
4.22658811e-05
4.91947517e-05
5.90336610e-05
4.37871033e-05
1.06739473e-04
1.31056577e-05
1.68472214e-05
1.05474937e-05
2.85072184e-05
1.27275477e-05
1.78331045e-05
1.23012992e-05
1.77078594e-05
1.25768710e-05
2.61499136e-06
1.56654302e-05
3.09255495e-05
1.42183575e-05
6.32979808e-05
5.74675622e-05
5.96470990e-05
6.30635894e-05
1.87543644e-05
2.22226099e-05
2.82392923e-05
1.00606681e-05
6.32549805e-07
2.80872997e-07
3.96402100e-07
5.59211579e-06
8.07858798e-06
4.58153064e-05
1.05077694e-05
3.25946352e-05
2.35799888e-05
5.88176334e-06
3.66493129e-06
5.29832035e-05
8.12552090e-05
1.19144739e-04
8.82892485e-05
4.20334414e-05
1.18284886e-04
5.96765609e-05
2.06304571e-05
6.04330642e-06
2.03375578e-05
3.13724849e-05
4.27310637e-05
1.97091900e-05
3.90217479e-05
7.40372270e-05
9.70589535e-05
1.66184054e-05
2.78228460e-05
3.48477184e-05
1.58301512e-05
1.97275418e-05
3.16299871e-05
2.82897074e-05
1.21846425e-05
7.70224554e-06
2.19927950e-05
5.81841478e-06
1.37902532e-05
1.39868947e-05
9.73020502e-06
1.26675663e-05
2.81264141e-05
1.00152617e-04
1.65623284e-04
1.07595537e-04
3.43429910e-04
2.86633524e-04
2.81963251e-04
3.17886949e-04
5.86257248e-04
7.85437502e-04
1.03682917e-03
1.21348345e-04
1.57109612e-04
1.61451104e-04
1.53968985e-04
3.47018420e-05
1.44718932e-04
3.64589938e-05
6.81880312e-05
1.78439654e-05
3.02425053e-05
3.74586756e-04
8.14174688e-05
2.89533909e-05
2.44971173e-05
3.67675120e-05
5.19069738e-05
5.00337685e-04
8.77865640e-05
6.65661235e-06
7.33747452e-06
3.63925118e-05
1.70679695e-06
7.60456029e-06
8.26400547e-06
9.40432422e-05
8.34867159e-05
4.01491336e-05
5.39463849e-05
4.96778357e-06
2.34372561e-06
1.80062923e-06
9.18462018e-07
2.26062021e-06
3.59114304e-06
3.87394382e-05
9.19525098e-05
2.21234322e-04
1.86439006e-05
7.91873020e-06
1.33455807e-04
1.83106929e-04
7.81817740e-05
6.17778300e-05
1.48768988e-05
4.11981103e-05
4.01434026e-05
2.13593110e-04
3.13880318e-04
3.67777725e-04
2.14784520e-04
2.78939193e-04
1.85817585e-04
9.44714740e-05
1.48623535e-04
6.07486353e-05
6.27847657e-05
1.75656415e-05
1.28402035e-04
7.65049818e-04
2.45872939e-04
1.26816224e-04
3.76176388e-05
3.12291895e-05
3.12575217e-04
4.93109113e-04
3.02442478e-04
6.43891565e-04
3.03305503e-04
8.91146095e-05
3.40372479e-04
1.83673476e-04
1.05892100e-04
1.82266524e-04
3.14326753e-05
7.32114337e-05
1.36506245e-04
5.89734200e-05
4.21073481e-05
1.07253832e-05
2.39933329e-05
1.52717714e-05
2.64780044e-05
2.80144904e-05
2.25558147e-05
6.82630421e-06
3.87878850e-05
3.24720453e-05
1.45093075e-04
1.29953258e-04
1.11852406e-04
2.58483180e-04
9.29249829e-05
1.52368319e-04
7.98733572e-05
6.62290162e-05
2.52642503e-05
2.35845468e-05
2.20488721e-05
2.85231757e-05
2.36221154e-05
2.30423568e-05
2.01654266e-05
6.26888442e-06
8.90282995e-06
4.24191405e-06
1.43742320e-05
7.78698750e-05
4.09270171e-05
1.07714500e-04
1.67779615e-04
1.26776470e-03
5.08003079e-04
6.68291382e-05
4.04780672e-05
7.11285548e-06
6.82070403e-06
4.69261603e-05
1.75128671e-04
2.87290041e-04
2.51296736e-04
3.50200731e-04
1.18951764e-04
5.89879020e-05
6.97848101e-05
9.55901701e-06
5.41753763e-06
1.14744546e-04
1.80753980e-04
1.76384555e-04
1.75689241e-04
8.55902216e-05
3.31193860e-05
2.09236424e-07
3.02582961e-06
8.04432606e-06
1.39688321e-05
9.04576650e-06
8.08035370e-06
1.15667522e-05
3.02271655e-05
4.01259538e-05
4.22783007e-05
2.18214237e-05
1.63037368e-05
6.90485255e-05
2.53080935e-05
4.67099785e-05
3.90970719e-05
7.18675393e-05
3.15383930e-05
4.20581161e-06
2.23667678e-06
1.09677381e-05
3.98399272e-05
9.74817822e-05
1.03980843e-04
2.12516018e-05
8.55813670e-05
2.74241645e-05
3.95972950e-05
5.11837676e-05
3.96453523e-05
1.16733079e-04
1.14868695e-04
1.72289616e-05
1.27692601e-05
2.20700491e-04
5.81956476e-05
2.97064470e-05
8.38308613e-05
1.12411335e-05
3.63999740e-05
1.85225381e-05
1.09408727e-06
5.61639043e-05
1.10682556e-04
1.40973955e-04
8.41132086e-05
1.06414899e-05
1.28078011e-05
5.98625229e-06
1.12031339e-06
4.50646904e-06
2.68545522e-05
6.71074632e-05
3.28931519e-05
5.25467203e-06
2.51705429e-06
7.81416783e-07
1.69478078e-06
2.07695902e-06
2.03679045e-06
1.50267629e-05
1.35059368e-05
2.42704144e-05
6.97789927e-06
1.19169003e-05
6.20357382e-06
3.60770448e-05
3.78271158e-05
3.23472507e-05
6.40002315e-05
4.52055133e-05
3.11232663e-05
2.40427910e-05
2.58268314e-05
1.31813192e-06
9.33523964e-07
3.00232656e-06
2.76091719e-05
3.25803056e-05
3.03412351e-05
1.25364306e-05
4.12257042e-06
1.96460861e-05
7.13125330e-05
4.75436925e-05
9.05794420e-05
2.63704750e-04
2.30406841e-05
8.63025257e-06
3.98541182e-05
6.39402130e-06
1.24828193e-06
4.51805682e-06
3.48413834e-05
6.58448253e-05
9.34878552e-05
2.89525927e-05
8.10179946e-06
1.52612746e-05
3.97082476e-06
1.45398413e-05
1.86943246e-05
1.89638210e-05
8.12822950e-05
4.42268421e-05
5.25258071e-05
3.23873628e-05
2.47101646e-05
2.04989648e-05
5.27145055e-06
2.27378612e-05
2.22358707e-05
6.63046920e-06
6.37487542e-06
2.24223003e-05
6.66558526e-05
3.33987204e-05
1.10431679e-05
1.60148620e-06
8.76009678e-06
2.27431797e-05
7.73961508e-05
1.94492258e-04
3.57754874e-05
3.98351269e-05
6.62733711e-06
1.86429660e-05
8.39772537e-05
4.83117653e-05
5.63113717e-05
1.18866284e-05
1.21440549e-05
1.84723427e-05
1.29531537e-05
8.55719427e-06
2.01190858e-05
1.05322394e-05
1.36624242e-05
1.23321413e-05
4.12409979e-05
1.66762486e-04
1.13215487e-04
3.01292528e-05
1.93817675e-05
6.83588526e-06
9.45753034e-06
3.28959623e-05
7.53951264e-05
1.41043120e-05
1.62087374e-04
2.47186189e-04
3.98908827e-04
3.18409140e-04
9.67812033e-05
6.02624961e-05
1.59304969e-05
1.93364416e-05
1.02221803e-04
1.94515257e-04
1.39623162e-04
5.73790722e-05
4.52305236e-05
9.09068450e-05
3.54637971e-05
9.72670486e-06
7.68220372e-05
3.18403581e-05
1.93806495e-05
2.96687851e-05
1.03044483e-05
2.06929035e-06
5.53923640e-06
4.38210382e-06
4.60346021e-07
3.20828579e-06
1.83172835e-05
5.50843847e-06
1.71799730e-05
8.91285041e-06
3.60730049e-05
1.63851899e-05
2.11231280e-05
2.29721152e-05
2.75361749e-05
1.16081074e-04
2.02512281e-05
1.88868335e-05
8.57025490e-06
1.17842389e-05
2.49830970e-05
5.19233157e-05
1.18208049e-04
1.89947640e-05
9.37569995e-07
2.27792115e-06
7.29631960e-06
6.09201202e-06
6.12620076e-06
1.32869375e-05
8.95326381e-06
5.48365676e-05
4.10162240e-05
1.74923168e-05
5.31641957e-05
7.60583194e-05
1.34682349e-04
1.05416030e-04
1.02345943e-04
4.20827488e-05
3.52278154e-05
1.29170489e-05
8.88046936e-05
1.00418752e-05
4.58804075e-05
3.19933445e-05
2.03339525e-05
1.49243796e-05
3.76284096e-05
6.11853908e-05
8.32159099e-05
1.48365550e-04
7.52622135e-05
1.84080484e-04
5.58226956e-05
7.35339631e-05
6.82124054e-05
2.17633587e-04
1.08189379e-04
4.49462935e-05
4.89172599e-05
3.11010965e-05
1.31787189e-05
1.48791162e-05
8.96124375e-06
4.14268112e-05
1.22976105e-05
4.61511584e-05
3.35011613e-05
6.13647577e-05
1.65900264e-04
1.50599672e-04
3.45029066e-04
1.03062786e-04
8.50212440e-05
4.66522170e-05
1.66612807e-05
5.68751468e-05
2.85603701e-05
1.34537175e-05
1.57051484e-05
1.11135647e-05
3.31605303e-04
2.59973880e-05
5.26435013e-06
1.72511471e-05
1.74000392e-05
2.61894419e-05
1.76061494e-05
1.40358832e-05
9.01330588e-06
9.13700008e-06
5.03850818e-06
1.27805247e-05
1.89247550e-05
3.39271418e-05
1.74362019e-04
9.21524962e-05
1.05286827e-04
7.78482216e-05
2.99421137e-04
7.16084425e-05
3.11343473e-06
6.53845582e-06
2.07833502e-05
6.77539774e-05
9.51294695e-05
8.50807954e-05
1.68170565e-05
1.78674435e-05
2.94517332e-05
2.85677895e-05
1.14386801e-04
9.15245917e-05
3.76008990e-05
5.54281738e-05
3.40704811e-05
1.51735867e-05
2.37305213e-05
2.12746232e-05
1.15004206e-05
1.54436860e-05
4.94881731e-05
2.38955993e-05
4.29568640e-05
8.60250037e-06
1.71006568e-05
7.43380186e-05
4.07441031e-04
2.19807666e-04
2.21133872e-05
7.63888056e-06
1.46545358e-05
4.30592034e-06
3.31716037e-06
1.30256167e-05
2.65505512e-05
7.59689368e-05
9.66853121e-05
7.87364570e-05
1.77216885e-05
5.59193088e-05
6.63076367e-05
1.63152847e-05
1.13313952e-04
1.97061446e-05
1.85208391e-05
2.55739723e-05
1.01981932e-05
4.46467204e-06
1.81032363e-05
4.70389110e-05
3.38048676e-05
2.52981998e-05
4.03604879e-05
2.12752655e-05
1.24588120e-04
5.50414757e-05
4.27112561e-05
1.27513797e-05
2.45672737e-05
6.34691223e-05
6.59655269e-05
7.94687175e-05
1.67750282e-04
9.11764575e-05
5.46865012e-05
5.88212320e-05
1.65598213e-04
1.85142228e-04
2.79355549e-04
1.82354532e-04
7.22589239e-05
1.19078503e-05
2.07077680e-05
5.32021468e-05
5.64060528e-05
2.66319289e-05
3.75018298e-05
8.14138347e-05
1.27851811e-05
1.42048702e-05
1.94758549e-05
2.01183338e-05
9.63066021e-05
3.02710795e-05
9.18462102e-05
4.52691221e-05
6.33825911e-06
1.40197519e-05
6.04807137e-05
2.21077199e-05
1.39826080e-05
5.78909363e-05
1.40789075e-04
5.92590531e-04
3.48351957e-04
1.21860888e-04
7.93237693e-05
1.47820941e-04
4.11722825e-05
6.35777651e-05
4.09025847e-05
7.76330137e-05
1.36535835e-04
1.23588055e-04
8.38865859e-05
6.10022324e-05
1.43395433e-05
3.28590700e-06
1.15237326e-05
1.49399069e-05
2.36169531e-05
3.14456032e-05
7.10097570e-05
3.48041200e-04
2.62480607e-04
1.23559330e-04
7.53277291e-05
4.87724022e-05
1.00834525e-04
1.80773890e-05
6.98609590e-05
6.78643088e-05
9.60057631e-05
2.03148063e-05
7.04001439e-06
4.91905070e-05
5.46264561e-05
7.32468701e-05
1.51223543e-04
2.11970541e-05
3.33525563e-06
6.89034862e-06
2.61966088e-06
2.03785194e-05
4.77590769e-05
3.43917123e-05
1.51261036e-05
1.68126907e-05
8.09615957e-06
1.60864106e-05
5.38796698e-05
3.23133193e-05
7.26144182e-05
2.40627833e-06
8.79822224e-06
2.58842584e-06
3.38492564e-06
8.06733516e-07
9.86401136e-06
1.26665204e-05
8.06353142e-07
1.97527460e-06
5.61793587e-06
3.53460029e-05
1.18728738e-05
5.85782855e-06
5.88730774e-05
7.32718766e-05
4.88858895e-05
7.64675319e-05
2.10366944e-05
1.50014840e-05
2.22811980e-05
4.74056772e-05
3.87048285e-05
8.30079984e-04
8.17921861e-04
4.23699450e-05
2.55002267e-05
2.77154916e-05
4.74692799e-05
9.16925315e-06
3.85403004e-06
1.13952821e-05
1.58277795e-06
1.13423027e-06
1.22897990e-05
3.97394990e-04
2.01258474e-04
1.08953828e-04
4.26689046e-05
2.34717708e-05
1.74367303e-05
1.30016431e-05
1.48396904e-05
5.58665935e-05
7.25085120e-05
1.07618264e-04
3.24673784e-04
3.49323924e-05
4.19171881e-05
3.20901935e-05
8.33542772e-06
7.26070503e-05
2.02590268e-05
3.86565273e-05
9.53041808e-06
3.35673557e-05
3.75411611e-05
3.34166910e-05
7.15899326e-06
6.51135833e-05
8.13570774e-05
1.77540396e-04
2.64905939e-04
1.44777599e-04
1.54702644e-04
2.06961178e-04
1.34895699e-04
