7.22418031e-05
1.17786213e-04
3.01717556e-05
4.45556533e-05
2.02840094e-04
4.24756848e-05
2.61540262e-05
3.20178920e-06
5.34868545e-06
6.88455836e-06
1.60985851e-05
1.16780964e-05
3.35871943e-05
6.13347853e-06
3.10209164e-05
8.19776489e-05
7.41079566e-05
1.18221221e-04
1.44595862e-04
3.04272996e-05
2.48134028e-05
1.83350058e-04
5.99679937e-06
6.18262249e-06
1.57857584e-05
9.25056465e-06
2.27978434e-05
9.00274045e-05
4.45622226e-05
3.61346316e-05
4.18607668e-05
1.28611110e-04
1.22242390e-05
2.02699979e-06
1.73203659e-06
2.63655137e-06
8.34185196e-06
1.85506617e-05
6.21379668e-06
6.48236429e-06
7.71712758e-06
2.40511138e-06
1.20350490e-05
3.97757341e-05
8.29845659e-05
2.42547964e-05
1.91651736e-05
1.11629758e-04
1.78054148e-04
1.15443464e-04
2.46548292e-04
8.93617154e-04
3.78712299e-04
6.65249750e-04
2.86453127e-04
1.73345288e-04
4.18621459e-05
9.99784229e-06
1.37693301e-05
2.90641603e-05
1.02042582e-05
3.73647074e-05
4.31897569e-05
4.75987358e-05
1.96676203e-05
4.86401412e-05
1.42015043e-04
1.58091874e-04
3.01202244e-05
7.44358676e-05
1.19615156e-05
1.61746262e-05
1.87951196e-05
5.27157114e-06
3.05226697e-05
9.98940613e-06
2.62106446e-06
1.21523084e-06
6.01408009e-06
1.30854583e-05
1.03339617e-05
5.53976864e-05
1.12297202e-04
6.39798842e-06
6.88009884e-06
7.23020860e-06
8.65317125e-06
7.16477816e-05
8.35074241e-05
6.71321665e-05
1.70887776e-04
8.90616267e-05
9.33977509e-06
2.66280205e-06
4.17457642e-06
1.70064799e-05
1.90607349e-05
3.22208053e-05
2.78080010e-05
1.56625631e-05
8.31071825e-06
1.21236854e-05
6.37741671e-06
1.20537468e-05
9.94600551e-06
9.76476387e-06
3.64120089e-05
7.33483482e-05
9.20816621e-06
3.89384520e-05
6.84184890e-05
1.09326073e-04
1.86295672e-04
8.68969947e-05
1.05999317e-04
1.13478022e-04
2.24246560e-04
3.34870514e-04
3.06377180e-04
3.27337608e-04
1.73628083e-04
4.14790550e-05
4.29861501e-06
9.48648371e-07
2.52568326e-06
1.79635672e-05
1.60919960e-05
4.02509540e-06
1.70913848e-06
8.19401620e-06
5.30406492e-06
8.53039393e-06
1.75454837e-05
3.54590065e-06
1.91483810e-05
1.53434710e-05
5.03679213e-06
5.54730532e-06
4.92462048e-06
1.13957126e-05
1.36922911e-05
5.08876087e-05
9.78626421e-05
3.17246680e-04
1.29098295e-04
7.42175136e-05
5.68406779e-05
5.11669875e-06
4.14843991e-06
1.35474136e-05
5.60151560e-06
7.04823519e-06
8.83967829e-06
5.07154569e-06
8.64198971e-05
5.18695848e-05
7.48076606e-05
1.87138377e-04
1.63632273e-04
7.27924228e-05
1.05059936e-04
3.21592930e-04
5.14504706e-04
2.49279752e-05
8.42800882e-06
8.41273209e-06
1.98854999e-05
1.69098303e-05
2.26011021e-05
6.42377074e-05
4.11238491e-05
2.44022950e-05
7.82687316e-05
6.66231329e-05
1.15348848e-04
9.03903751e-05
4.52930599e-05
1.70353595e-05
1.13648989e-05
7.28388367e-05
3.20461211e-05
5.48480280e-05
6.36294543e-05
7.65407192e-05
6.83850971e-05
1.18667535e-04
2.11237069e-04
1.90919277e-04
2.25016388e-04
1.72438976e-04
1.60932158e-04
2.22909175e-04
1.31727735e-04
1.55624883e-04
1.93852999e-05
3.48962237e-05
1.26878058e-05
1.49830536e-05
2.52747984e-05
1.40876777e-05
5.51261126e-06
8.86412938e-06
4.12328738e-05
8.28180309e-05
4.31711312e-05
3.19310668e-05
3.49200543e-05
7.54692212e-06
1.67999777e-05
9.10522946e-05
6.74027427e-05
1.26788388e-05
2.07525331e-06
5.49453336e-06
9.00744385e-06
2.74108852e-05
6.89781818e-05
1.38511385e-04
1.41816518e-05
1.37945532e-05
6.79728833e-06
4.47948052e-06
2.26648552e-06
5.46781793e-06
1.74622117e-06
7.50837330e-06
3.54824832e-06
6.26304797e-06
1.94475917e-05
3.14421937e-05
6.49747115e-05
7.00433734e-05
3.05147722e-05
1.78781653e-05
5.59024453e-06
1.96781655e-05
5.72965530e-06
6.80789959e-05
2.12922912e-05
3.63730194e-05
5.08558002e-05
8.59370915e-05
2.02181505e-05
7.13018095e-05
1.42220917e-04
2.21795069e-04
4.24187894e-04
9.85774596e-05
1.04382200e-04
4.98779890e-05
2.27007491e-05
2.22121102e-05
5.89623914e-05
4.39966762e-05
3.92050659e-05
1.22980735e-04
6.49291165e-05
9.27626016e-05
2.01899780e-05
8.89919884e-06
1.08742097e-05
5.55751949e-06
4.14837465e-05
1.24020503e-04
1.23885181e-04
1.72530090e-04
2.88093563e-05
1.17676205e-05
1.31831335e-05
2.33973466e-05
4.61263129e-05
3.76151445e-05
5.85644783e-05
1.26294452e-04
8.79293114e-05
2.23372092e-04
2.95837919e-05
1.34643395e-05
2.01775651e-06
1.35615014e-05
2.44783564e-05
1.35998083e-05
1.26893574e-05
5.25740234e-05
9.74976403e-05
1.99002907e-05
4.24980136e-05
2.66896547e-05
1.62156599e-05
2.42822755e-05
3.82506909e-05
5.47557509e-06
1.26285254e-06
6.07976209e-06
7.92249432e-06
5.84448276e-06
5.36937308e-06
5.56428458e-06
1.42523511e-05
3.81504272e-06
7.24097271e-07
9.90720792e-07
4.06015404e-06
2.11265474e-05
2.97916613e-05
5.23795327e-05
9.39558172e-05
5.85779494e-05
7.56441307e-05
5.40831880e-05
1.73400301e-05
3.41960465e-05
3.68237107e-04
1.51428594e-04
1.24410295e-05
3.54704484e-05
2.63553361e-05
1.83237023e-05
6.77456863e-05
6.04830503e-04
4.77275565e-04
1.67288812e-04
9.67884349e-05
3.35650675e-05
4.09909011e-05
6.79547196e-05
2.77139524e-05
1.27560293e-04
7.77054761e-05
1.62952957e-05
5.65056246e-06
6.46591684e-06
2.87192912e-05
1.54325213e-05
6.21499547e-06
2.02822599e-05
1.77670780e-04
2.48967245e-04
2.25641108e-04
2.64115767e-04
1.14113975e-04
1.12600429e-04
5.41896259e-05
5.39794226e-06
1.51620460e-05
6.97521693e-06
3.15665677e-05
3.93436009e-05
1.01610432e-04
5.02810093e-05
2.55365238e-05
5.75620100e-06
2.11617120e-05
5.12640262e-06
2.31751415e-05
3.67512659e-05
8.75819752e-05
4.03038553e-05
1.96107987e-06
4.22148574e-06
1.10129123e-05
2.98288640e-05
7.04361024e-05
1.72795515e-04
1.91376051e-04
2.29221233e-05
2.83240720e-05
6.29681274e-06
1.27859738e-06
7.62209728e-06
2.50314446e-05
8.88086000e-05
4.20346670e-05
1.12064906e-05
1.47601885e-05
7.62113067e-05
4.75600175e-05
3.17376637e-05
7.61599052e-05
1.85874098e-04
5.92263950e-05
6.25695908e-05
8.94725687e-05
7.27096183e-05
9.92386467e-05
4.09948148e-04
2.14104592e-04
7.95444191e-05
1.52368549e-04
3.99726404e-04
2.48411728e-04
1.61634682e-04
2.95311844e-04
7.47633049e-04
2.76225968e-04
2.24264897e-04
3.91930916e-05
6.13739261e-05
1.04857181e-04
1.71941480e-05
6.00759108e-05
1.35008486e-04
1.53146528e-04
1.60279180e-04
1.33802844e-04
4.40824453e-05
5.72652114e-05
4.70502367e-04
3.10643352e-04
1.17688766e-04
1.78740574e-05
5.19189591e-05
1.64739532e-04
5.95209291e-04
3.51900287e-04
1.29894553e-04
1.44896577e-04
4.83884089e-05
5.21912924e-05
1.19412359e-05
7.20037158e-06
7.83130331e-06
5.38185246e-06
5.16264959e-06
1.61955289e-06
2.79239879e-06
8.44385430e-06
1.27113551e-05
8.17693046e-05
9.50119638e-05
1.79198664e-04
5.32098336e-05
5.35404579e-05
1.59324112e-05
4.71631997e-06
4.26671535e-05
7.58240558e-05
5.37580115e-05
2.75360291e-05
2.26496813e-04
2.52570857e-04
2.56760729e-04
1.07208180e-04
1.07560678e-04
3.62731287e-05
4.01598370e-05
2.47782344e-05
2.01981134e-05
1.90380238e-05
1.85513763e-05
1.91023625e-05
1.05837087e-04
7.05268418e-05
3.44500659e-05
3.87563873e-05
1.41400834e-04
2.19211185e-05
2.46072822e-05
1.14117904e-05
1.12868541e-05
2.07377390e-05
2.23152206e-05
4.89475808e-05
1.40890059e-04
3.33744056e-05
9.30632856e-05
1.55520782e-04
1.02919395e-04
1.07219859e-04
1.07395472e-04
8.26674817e-05
3.81239023e-05
1.73878707e-05
3.74349961e-05
1.02098900e-04
3.95531030e-05
3.22473797e-05
5.99901189e-05
2.04631172e-05
3.43363712e-05
2.88129260e-06
8.35445823e-06
3.58878235e-05
6.30889690e-05
2.18803813e-05
2.59634638e-05
2.00263039e-04
5.05283586e-04
4.32598061e-04
5.22062543e-04
6.12017659e-04
2.85508364e-04
2.62800423e-05
1.22982813e-05
1.15820574e-05
3.75246099e-05
5.50191054e-05
6.92286400e-05
1.23493470e-04
2.60557984e-04
6.99498219e-04
1.73371331e-04
9.25405111e-06
1.04988419e-04
1.83179047e-04
2.58235016e-05
5.90203722e-06
6.15898137e-06
1.28739711e-04
3.38098305e-05
4.45832174e-05
1.91888674e-05
5.18443659e-05
6.53323007e-05
1.51997972e-04
3.99557533e-04
2.50650471e-04
3.36597192e-05
1.40110501e-05
4.67618189e-05
3.36774631e-05
1.35746855e-05
7.98604429e-06
8.59639215e-06
1.85953522e-05
1.04450747e-05
1.32014836e-05
5.54577544e-07
1.20611990e-05
5.11062099e-05
3.36808403e-05
2.32181075e-05
2.36086196e-05
1.42780329e-05
5.31709460e-06
2.42350359e-05
1.83538794e-05
5.96766126e-05
1.24307390e-04
7.75656121e-05
3.01755872e-05
2.98583920e-05
2.15380209e-05
4.59071326e-05
1.46555944e-05
1.00141096e-04
4.66319887e-05
2.75686040e-05
3.68608751e-05
2.31102598e-05
4.90381925e-05
8.69246102e-05
4.42055625e-05
9.69527658e-05
4.36150174e-04
1.44525268e-04
2.15245973e-04
3.20685991e-04
1.30506044e-04
7.20730062e-05
9.99142567e-05
6.27234646e-05
2.46872641e-05
3.47392462e-05
9.14025014e-05
3.74069058e-05
5.46457433e-05
2.74670451e-05
4.81285822e-05
2.56773006e-05
2.79231454e-05
4.72511160e-05
1.44991611e-05
1.15563557e-04
1.52024023e-05
3.17981347e-05
3.01779500e-05
1.37534486e-05
1.74640720e-05
3.89920995e-06
6.91433884e-07
4.81836551e-06
3.34211846e-05
4.13342001e-05
5.52001667e-05
1.93477570e-05
2.98649852e-05
4.93311689e-05
3.07889196e-05
1.21409033e-04
1.88965305e-04
5.09843838e-05
2.91001440e-05
2.73949448e-05
6.21588398e-05
6.83628576e-05
1.72247902e-05
2.38395748e-05
7.88548204e-06
1.26151624e-05
1.82197726e-05
4.46595770e-06
4.22549457e-06
2.41043541e-06
3.85123568e-05
3.58306130e-06
1.47461652e-05
5.14880697e-05
9.30697727e-05
1.86802860e-04
1.08507602e-04
1.13182065e-04
8.94490483e-05
8.46957494e-05
4.38960600e-05
7.02673609e-05
1.18737012e-05
1.26747327e-05
9.41300353e-06
9.77073148e-06
1.49115694e-05
3.45428121e-05
2.08532441e-05
4.55793653e-05
1.58827957e-04
4.03632092e-04
3.78571762e-04
1.77471359e-04
1.42005157e-04
6.63545247e-05
8.43504084e-05
8.20501672e-05
1.18934905e-04
4.02257054e-05
1.84417062e-05
3.03734140e-05
9.84818395e-06
9.28607153e-06
1.25327430e-05
2.32121266e-05
8.62771662e-05
1.38900367e-04
7.54884879e-05
4.87590061e-05
3.75304641e-05
1.40061089e-05
1.92941210e-05
4.04032200e-05
2.30102704e-05
1.06532443e-04
4.35924761e-05
2.84542083e-04
5.32516412e-05
5.28903683e-05
1.05183047e-05
3.19105174e-06
3.99189504e-06
4.09598895e-06
1.22908301e-05
1.15809385e-05
9.84363309e-06
1.25582024e-06
4.68842971e-06
6.64276352e-06
1.02553331e-05
4.59509123e-05
3.58324426e-05
5.52860862e-05
1.09943251e-05
9.84510599e-07
7.01083300e-06
2.07838080e-06
1.42476877e-06
3.08680154e-06
2.08585899e-05
2.12349412e-05
2.29746919e-05
6.06803720e-05
4.23184010e-05
2.46141770e-05
7.72675295e-05
6.19326455e-04
6.49030792e-04
3.09127794e-04
2.04898524e-04
1.09114748e-04
4.10207633e-05
3.82352919e-05
4.62112185e-05
2.16413788e-05
1.45857216e-05
4.75647306e-06
4.36478208e-06
5.56538706e-07
8.28462264e-07
7.40250060e-07
7.84402546e-06
2.32657419e-05
3.58674043e-05
2.11269650e-05
3.74832644e-05
2.92008077e-05
1.96752817e-05
1.94476786e-05
5.15880579e-05
6.51192936e-06
7.21994888e-06
4.13612510e-05
7.10412090e-05
8.94416254e-05
1.15339590e-04
2.57986186e-05
4.95714233e-05
2.56384443e-05
1.56321888e-04
5.02913629e-05
4.42389879e-05
1.67376402e-05
2.15336230e-05
8.67783141e-06
3.83498043e-06
7.69046658e-06
2.86869414e-05
9.94800758e-05
1.36838165e-04
2.31497049e-04
2.82020396e-04
4.02964913e-04
9.86890339e-05
2.45748754e-05
1.31112255e-05
1.47908626e-05
1.04499127e-05
6.55230366e-06
8.04220160e-05
6.99991142e-05
2.11253975e-05
2.18811506e-05
3.51845163e-05
8.03544940e-05
8.65241074e-06
2.80428384e-05
1.27289250e-05
4.15109679e-07
1.97272650e-06
2.77124218e-06
1.33186491e-05
1.16006862e-05
8.90544399e-06
8.08034103e-06
6.20586880e-05
1.97608374e-05
2.29779224e-05
1.74408378e-04
8.04630037e-05
3.46329460e-04
1.33677492e-04
1.54828258e-05
4.45635558e-05
1.89992982e-05
1.00412550e-05
5.55104505e-05
2.27745180e-05
2.88052670e-05
1.85743458e-04
1.21092409e-04
1.15965028e-04
2.09505370e-04
8.75492905e-05
1.59170757e-04
2.71076794e-05
1.10969752e-04
4.61183220e-05
7.22054933e-06
3.34857220e-06
9.36238533e-06
2.81347034e-05
1.05181846e-04
4.76834271e-05
2.04979509e-05
3.07381124e-05
8.02834654e-05
8.12127097e-05
6.88854886e-05
2.56852261e-05
8.98451979e-06
1.29990353e-05
1.05691930e-04
6.73936836e-05
3.20632424e-05
1.40621200e-05
1.32855879e-05
3.73222328e-06
2.31177174e-05
3.04944033e-05
1.23344552e-05
1.01457392e-05
2.24960801e-05
1.55647759e-05
2.20042535e-05
3.32124664e-05
2.29107178e-04
3.42164629e-04
1.61254487e-04
2.21291701e-04
1.36587916e-04
1.70266484e-05
1.32130354e-05
1.69862052e-06
1.16252789e-06
1.31185710e-06
1.74132872e-06
1.42586495e-05
1.14788950e-05
1.02119289e-05
1.66923424e-05
2.41311130e-05
1.22375007e-05
8.94385287e-05
1.20764643e-04
3.45811806e-05
3.89362076e-05
1.41693920e-05
1.33669992e-05
5.08012522e-05
1.22811649e-05
1.75513064e-05
2.05764096e-04
5.72837768e-04
1.61065598e-04
1.73821398e-04
7.74076668e-05
7.66453577e-05
1.79196344e-05
9.06572774e-06
1.38930092e-05
5.68516379e-05
1.11693398e-04
3.37058943e-05
2.30356669e-05
2.08955592e-05
5.92947608e-05
3.16647893e-05
1.94846280e-05
1.57478938e-06
9.13458895e-06
4.94412375e-05
3.71761178e-05
2.87333800e-05
7.76871416e-06
3.37232342e-05
8.71682024e-05
4.97177581e-05
1.71268037e-04
1.70128659e-04
8.23809612e-05
4.82135368e-05
1.04536490e-05
4.79329510e-06
9.29165320e-05
1.14200098e-04
7.60762125e-05
5.98476875e-05
1.30730039e-05
1.81048191e-05
7.41764328e-05
7.09989159e-05
8.79032513e-05
1.69513779e-04
5.93048240e-04
3.34920809e-04
2.36742525e-05
3.40592021e-05
1.76498291e-05
5.95692573e-05
2.71583114e-05
1.48425836e-06
8.44597230e-06
3.14550940e-05
1.58377368e-04
9.00195962e-06
7.26049503e-06
2.44156003e-05
1.24869401e-04
8.88363290e-05
1.28022344e-04
2.72194859e-05
6.83444076e-05
5.36194663e-05
6.37739057e-05
1.86948017e-05
1.63909621e-05
9.24164420e-06
3.21853218e-06
2.26781721e-06
2.99231068e-06
2.61747741e-06
1.61356418e-06
9.94254020e-06
7.96140294e-06
2.54419538e-06
1.60967442e-06
8.87817146e-07
2.32683144e-06
1.07307173e-06
7.31527240e-06
1.99973237e-06
2.26077169e-06
4.81109657e-05
2.17151317e-04
5.74896883e-05
4.27484001e-05
1.47802941e-04
6.70056776e-05
4.08743778e-06
5.95488979e-06
7.37062398e-05
1.16685817e-04
1.07278545e-04
1.50647288e-04
2.87589141e-05
1.99894379e-05
2.51252897e-05
3.81821771e-05
1.07138991e-04
1.20201451e-05
1.07321858e-04
2.17034974e-04
1.90001242e-05
2.64771348e-05
6.49049364e-05
3.55326595e-04
1.94970436e-04
3.21500694e-05
2.21110847e-05
6.71056978e-05
1.89906195e-05
7.46301321e-05
1.33952521e-03
2.18211192e-03
3.80514915e-04
9.66909066e-04
1.86565547e-04
1.16191677e-04
3.99927920e-05
2.59860292e-05
5.40606008e-05
2.90771082e-05
3.36278053e-05
5.78497860e-06
1.55911285e-05
6.54310152e-06
3.45796973e-05
4.33703462e-05
4.25346759e-05
6.44766503e-05
2.19645469e-05
1.76616807e-05
6.72181979e-06
4.82094215e-06
7.96116838e-06
1.50532288e-05
4.84702017e-06
2.14127405e-05
1.31661959e-04
3.11302630e-04
3.26669960e-05
2.37787829e-05
1.51810742e-04
5.34309592e-05
3.84677757e-05
1.23740820e-05
9.07746137e-06
9.90066687e-06
1.34151505e-05
1.38958708e-04
2.72939520e-04
4.48063488e-04
4.69434629e-04
3.66260450e-04
6.21762902e-05
2.92264369e-05
1.39080521e-05
2.89831918e-06
2.11569882e-05
1.60661788e-05
5.65962428e-05
5.52736998e-05
1.24671217e-04
6.68436091e-05
4.31397407e-05
4.19617610e-05
4.09014271e-05
8.34952753e-05
2.39260498e-05
4.97536257e-06
6.05625874e-06
1.15921016e-05
2.80765373e-05
3.82083743e-05
5.04937720e-05
7.43858595e-05
3.35710668e-05
6.58045998e-05
4.66647653e-05
4.21148972e-05
1.15158459e-05
1.83376005e-05
5.08885877e-05
6.69274866e-05
6.20328949e-05
4.93891538e-05
6.30330672e-05
1.71328342e-05
3.91020908e-05
4.52891754e-05
5.28621151e-05
5.07504603e-05
1.11410081e-04
1.12429995e-04
1.45653305e-05
3.52119831e-06
1.95006077e-05
1.28977898e-05
3.67196304e-05
2.64962869e-05
1.38084595e-05
1.89244331e-05
1.58630444e-04
2.06822785e-04
1.61894594e-04
9.83326769e-05
5.42031735e-05
2.31499579e-05
2.78355238e-05
1.07143436e-05
4.92437485e-06
5.36738246e-06
6.75466193e-06
1.29217837e-05
3.62407919e-05
6.01934088e-05
1.93868340e-04
1.13612426e-04
2.93945878e-05
3.01787086e-05
1.06538941e-04
1.71481297e-04
7.66995400e-06
2.83930480e-05
1.80802944e-05
5.03875185e-05
1.44870548e-05
2.48423714e-05
1.27735555e-05
4.51172944e-05
3.27980872e-05
5.91812317e-05
1.72704368e-05
1.08261844e-04
2.07025074e-04
4.37038737e-05
7.70912008e-05
7.94793850e-05
1.37277257e-04
3.88385636e-05
4.01870877e-05
5.85478130e-05
1.02262836e-04
1.04211251e-04
1.08668641e-04
4.15141954e-05
3.30835778e-05
6.82470661e-05
1.33975698e-04
7.77018087e-05
4.40913628e-05
1.57087422e-05
3.25634191e-06
2.47222285e-06
2.62445636e-05
1.76520577e-05
8.60795629e-06
9.53663082e-06
1.18452683e-05
1.25627312e-05
8.20868709e-06
3.74436944e-06
1.65537038e-06
5.04691379e-07
1.16511331e-05
1.10230160e-05
7.38674384e-06
1.83283093e-05
3.23876843e-06
5.93743253e-06
1.31312225e-05
2.56948910e-05
8.04745938e-05
1.70023579e-04
4.10173094e-04
3.71628482e-04
3.09327806e-04
2.83390736e-04
9.00040950e-05
1.61272592e-04
7.10218837e-04
3.60277666e-05
3.67470309e-05
3.40918368e-05
4.85659495e-06
3.68909849e-05
4.35349300e-05
2.23515048e-04
1.09855391e-04
3.06417831e-06
9.59967220e-06
1.03762747e-04
5.87417770e-05
7.92136172e-05
4.31815468e-05
1.18519335e-04
3.60296467e-05
1.33541909e-05
5.27471021e-06
4.54160634e-06
3.96030135e-05
2.05930277e-04
1.11942325e-04
2.35494553e-05
6.15631979e-06
3.89785387e-05
1.73734549e-04
1.23011522e-04
2.65339937e-05
2.75479183e-05
2.23047895e-05
9.77607938e-05
3.23446151e-05
1.61903662e-05
1.23305511e-05
3.57647722e-05
5.02491607e-05
2.72210669e-04
2.64151686e-04
6.29174327e-06
8.28477918e-06
9.56136964e-06
6.16278663e-06
2.59630913e-05
2.60770818e-05
1.06859762e-05
6.35206282e-05
4.37336163e-05
1.27785065e-05
1.78685576e-05
5.95722366e-05
9.26085647e-06
8.59575901e-06
2.12233247e-05
8.62272563e-06
3.86995011e-05
5.43565260e-05
5.40179390e-05
1.65147355e-05
5.61603784e-06
1.47310580e-05
1.98606749e-05
6.86380325e-05
7.44413140e-05
1.19724424e-05
3.92158942e-05
2.08198115e-04
6.82459796e-04
5.17534969e-04
4.93293939e-04
8.56933733e-05
1.16002448e-04
1.08536410e-04
2.64489347e-05
9.96001483e-06
2.03695390e-05
6.92723708e-06
3.74559605e-06
1.49263054e-04
4.02626559e-04
2.75877933e-04
1.79535853e-04
5.85946792e-05
4.07825058e-06
3.51225183e-05
7.28013442e-05
3.22313969e-04
6.16538060e-05
1.34435868e-04
2.54094087e-05
2.60993696e-05
1.53752871e-05
1.80292094e-05
2.41784808e-05
6.18938653e-06
1.80366775e-05
5.42775230e-05
4.44163167e-05
7.44792840e-05
5.34332832e-05
4.51151148e-05
2.59792394e-05
1.23307391e-05
1.19497912e-05
3.83475471e-05
1.51553284e-04
5.49710888e-05
2.25774960e-05
2.07654598e-05
9.90626051e-06
4.27659352e-05
5.18846597e-04
4.21933082e-04
1.24287512e-04
1.89919134e-04
1.16666032e-04
8.81069711e-04
4.92554222e-05
1.58932346e-04
4.87372742e-04
3.46127232e-04
8.32726800e-05
6.23566257e-05
2.24875523e-05
7.74002563e-05
2.73115418e-05
1.77629752e-05
5.37382024e-05
3.85737403e-05
3.54262609e-05
6.08484339e-05
7.86935065e-05
5.27958843e-05
1.36939646e-05
3.27108356e-06
2.28635959e-06
9.17959700e-06
1.82180927e-05
2.02565274e-05
9.42895882e-05
2.51342669e-04
6.36581838e-05
3.17676943e-05
1.08330495e-04
6.23459316e-05
6.32092798e-05
2.34891054e-05
6.36629305e-05
9.20581354e-05
2.38625415e-04
6.29093697e-05
2.04513626e-05
6.53959421e-05
1.31041924e-05
5.12580587e-06
7.52483174e-06
3.25087466e-05
1.56159388e-05
2.37796332e-05
4.72304463e-05
8.32380035e-05
1.47057172e-04
7.34001612e-05
8.56268315e-05
1.74090155e-05
1.69882335e-05
6.13633506e-06
5.63643944e-06
8.69808421e-06
3.16181074e-05
5.65694834e-05
2.20030043e-05
4.48644655e-05
3.42845230e-05
7.08300309e-05
1.34959846e-04
1.32723459e-04
6.28177888e-05
7.27629385e-05
7.08789116e-05
3.24532958e-05
1.93058441e-05
2.33717534e-05
7.86554693e-06
9.14222447e-06
3.55811829e-06
9.99182469e-06
2.41741401e-05
4.11503894e-05
2.58987486e-05
1.05106151e-05
1.41351686e-05
5.43306429e-06
5.71478506e-06
1.22434537e-06
4.15641038e-06
2.24308766e-05
1.68243803e-05
4.00924012e-05
1.15902989e-04
8.59042845e-05
1.34771798e-05
2.02049147e-05
3.90742450e-05
9.25554298e-05
1.73560270e-05
6.05487327e-05
4.61047108e-06
2.09431974e-05
1.42728004e-05
2.86573636e-06
5.87625338e-06
1.47212477e-05
6.60646980e-05
7.70051951e-05
5.11544303e-05
1.62206502e-04
1.61757601e-05
8.64100522e-05
6.00305036e-04
7.57268884e-03
2.31488298e-03
1.48415212e-04
3.90305118e-05
4.85506317e-05
1.06634446e-04
1.84081227e-04
7.92654082e-05
3.66656184e-05
5.92605985e-06
9.23600110e-06
6.30776537e-05
2.68153351e-05
1.32307401e-05
5.28296169e-06
4.19801454e-05
5.43079487e-05
6.49719004e-05
1.85464609e-04
6.44851727e-05
2.40162999e-05
1.92953571e-05
1.32890542e-05
1.43354639e-04
1.85567190e-04
3.13556885e-05
1.44300234e-05
1.75537078e-05
8.20554191e-06
9.30141948e-06
1.89279876e-05
1.43911089e-05
1.50728710e-05
2.65759574e-04
4.02068517e-05
2.84051383e-05
5.77294038e-06
1.24071242e-04
9.59475710e-05
2.10636251e-05
3.11580013e-05
7.33937859e-06
7.38903558e-06
9.65705827e-06
5.49344137e-06
2.27490406e-05
6.37078058e-05
1.76120211e-05
6.37667628e-06
2.69168256e-05
8.42119691e-05
2.57561999e-05
2.14407478e-05
8.01206246e-06
2.07464322e-05
9.28266298e-05
4.26869029e-04
1.29286994e-04
2.98231584e-05
4.17918449e-05
3.46273952e-05
4.90771461e-05
3.58046966e-05
7.21260031e-05
1.46397666e-04
4.11290329e-05
1.71999751e-05
8.54351291e-05
9.43689001e-05
1.52346876e-04
3.10644949e-04
1.14527911e-04
1.16919308e-04
7.80866667e-05
9.35854440e-05
5.83408602e-05
6.00133950e-05
4.08650096e-05
6.40607277e-05
3.78997702e-05
4.46591359e-05
8.53229655e-05
4.99026564e-05
3.26277680e-05
4.21492789e-05
1.52665857e-05
2.99789575e-05
2.00518426e-05
3.35073067e-05
1.77373592e-05
2.69378500e-05
6.71330766e-05
3.33691164e-05
8.49262268e-05
2.69734326e-05
2.10036737e-05
2.81618193e-05
8.95545807e-05
1.67187340e-04
1.08232740e-04
2.82000969e-05
1.98999748e-05
2.54392516e-05
1.39105852e-05
9.97170351e-06
4.90624090e-06
3.98905142e-06
5.45803170e-05
8.45939449e-05
4.73805038e-05
2.25536621e-05
9.46501099e-06
1.27316891e-05
3.52634285e-05
2.91993442e-05
1.97858335e-05
3.51452704e-05
1.04090299e-05
5.69270891e-05
1.81850700e-04
2.75782472e-05
3.32321646e-05
1.14497160e-04
6.34856352e-05
8.83703126e-05
1.56067406e-04
5.47025428e-05
2.14582340e-05
7.77093814e-05
1.57425259e-04
1.50247198e-04
4.91712972e-05
3.36637122e-05
2.29177328e-05
3.40700017e-05
1.07681328e-05
3.69469711e-06
1.20636005e-05
3.00792484e-05
2.34595009e-05
1.17263253e-05
3.15732028e-05
7.42078441e-05
4.17555054e-06
1.32134422e-05
2.35639107e-05
1.18627830e-04
2.78114996e-05
2.44551740e-05
6.34508635e-05
8.45872368e-05
7.53941710e-05
7.44243005e-05
4.92922866e-05
9.37701811e-06
1.88633792e-06
1.62787333e-05
7.26786301e-05
2.20672728e-05
1.54310164e-05
6.71638226e-06
5.11607992e-06
3.23420937e-05
5.14082837e-05
2.77439103e-05
1.31293356e-05
6.41222242e-06
5.07122323e-06
1.20569735e-05
2.43545491e-05
2.56729389e-05
7.82436883e-05
1.07291579e-04
7.93816812e-05
