1.62256759e-04
5.45172283e-05
2.04525554e-05
1.21958728e-05
2.02677605e-05
8.69614050e-06
2.48666745e-05
4.47513371e-05
1.90333834e-05
1.20456879e-05
1.48759143e-05
1.80109620e-05
2.73966798e-05
1.20162107e-04
5.22267223e-05
4.77481223e-05
2.60701273e-05
1.48000081e-05
4.84241749e-06
8.61182529e-06
8.44856819e-06
6.40854481e-06
4.09315485e-06
2.84598831e-06
1.04774017e-05
5.59606216e-05
7.48699609e-05
3.79747789e-05
1.19744450e-05
3.17677077e-05
9.98043128e-05
1.88598332e-05
3.74219637e-05
1.40986818e-05
2.23686983e-05
9.26950605e-06
2.13819616e-05
2.54294535e-05
7.71728546e-06
6.58517459e-06
1.83591313e-05
1.89011144e-05
5.58192076e-05
2.50806431e-05
1.12681588e-04
4.63446535e-04
2.42895564e-04
2.54993213e-04
2.15830985e-05
2.57609584e-05
3.00217980e-05
1.74853658e-06
2.67852432e-07
3.20304938e-06
2.63443664e-06
5.17411437e-06
2.13614443e-05
6.27320980e-06
3.18454295e-05
7.04077762e-05
6.95470142e-05
9.56544405e-05
1.05025903e-04
1.11029365e-04
5.81649783e-05
1.69423740e-05
1.49804765e-04
9.47361831e-05
4.77672601e-05
2.96585048e-04
3.41260458e-04
1.32771161e-04
3.13525931e-05
2.41627215e-06
4.65726841e-06
1.38171727e-06
5.35084034e-06
7.34739659e-06
9.24373331e-06
5.89562948e-06
3.57831045e-06
6.45258384e-06
4.51429399e-05
1.79606239e-04
4.76760628e-04
4.40447048e-05
1.27449839e-04
1.90001576e-04
6.46280915e-04
1.72466736e-04
5.85349071e-05
9.03942767e-05
1.04515184e-04
3.87702077e-05
2.97250342e-05
1.37356293e-05
1.78908882e-05
5.89510721e-05
2.84847044e-05
4.69006572e-05
1.57782767e-05
5.19846301e-05
2.33065641e-04
1.38978494e-04
2.12229728e-05
4.16323966e-05
5.77086239e-06
8.26732420e-06
2.55757188e-05
4.01677611e-05
7.10299218e-05
3.07803268e-05
1.44454742e-05
1.79219545e-05
1.16570045e-05
4.11268570e-06
8.50469918e-06
4.22995498e-05
6.66398183e-05
5.37467917e-05
1.13035563e-04
5.49034156e-05
6.66801762e-05
4.37083452e-05
1.28887685e-04
4.12238439e-05
4.48875629e-05
4.16096606e-06
3.29148592e-06
1.36509533e-05
1.02029026e-05
1.60245151e-05
1.47434947e-05
4.29518475e-06
9.17461856e-06
1.29442194e-05
3.49330499e-05
1.12895241e-05
6.49638852e-05
4.61221563e-05
6.89413743e-05
8.93080457e-05
1.09548953e-04
1.14369213e-04
8.02172736e-05
3.95974020e-05
9.37407955e-05
5.13119878e-05
4.83763326e-05
3.13994955e-05
1.69408418e-05
6.32217325e-06
2.46814844e-05
1.23830068e-04
9.26276610e-05
1.26198698e-04
4.87792180e-05
2.10142909e-05
4.48137296e-05
6.65230296e-05
7.90276894e-05
2.07514999e-05
1.50432384e-05
2.33060560e-05
2.01923397e-05
3.82379811e-05
5.91151255e-05
4.89067769e-05
4.19557921e-05
2.80494212e-05
2.01646700e-05
2.50133678e-05
4.50871006e-05
1.04305214e-05
5.57665999e-06
9.73516679e-06
1.11930865e-05
1.23878028e-05
1.99753476e-05
1.34275840e-04
3.46337593e-05
9.79747900e-06
1.55026299e-05
2.85195568e-05
3.76430154e-05
2.89450321e-05
9.47554367e-05
8.33186442e-05
2.58862072e-04
3.34697553e-04
1.56194682e-04
8.41890660e-05
1.75254084e-05
5.02210165e-05
6.12767919e-05
4.01255948e-05
1.62041340e-04
7.56413797e-05
5.95423560e-05
3.95070331e-06
7.55870333e-06
9.80121408e-07
7.75985083e-07
3.76941608e-06
4.36571271e-06
1.22666416e-05
2.13831895e-05
5.87932183e-06
3.82797821e-06
6.91902083e-06
1.94245004e-05
9.20203774e-05
6.40691604e-05
1.28228884e-04
1.69237610e-04
5.21150576e-05
1.11564996e-04
2.86460624e-05
3.74592146e-06
1.48380234e-05
2.64346049e-05
1.52411053e-04
8.58120607e-05
5.64367540e-05
2.68916766e-05
3.54018498e-05
7.05142694e-05
1.36740187e-05
3.30624279e-06
1.59972911e-05
2.82308714e-05
3.49078860e-05
1.36234824e-05
6.53601663e-06
1.19485011e-05
8.27176836e-06
5.24097110e-06
3.67486160e-05
1.48405202e-04
1.53623359e-04
3.49798826e-04
1.21142806e-04
7.03521845e-05
1.62290316e-05
6.66214341e-06
1.74059251e-05
8.10922007e-05
2.60430059e-04
2.46278631e-04
1.96952590e-04
1.45063229e-04
5.03296060e-04
4.71496445e-05
3.91054470e-05
2.29453488e-05
6.37941728e-05
5.82787552e-06
2.34270539e-05
1.11558209e-04
6.39825457e-05
2.26141520e-04
1.67529577e-04
2.94753961e-04
1.32463354e-04
3.64887216e-06
1.36029762e-05
1.44275412e-04
5.38425521e-04
2.57150541e-04
1.53554896e-04
1.04947572e-04
5.60468260e-05
6.00834377e-06
1.28779548e-05
1.07537282e-05
3.01539616e-06
1.87870996e-05
1.86613688e-04
1.89580353e-04
8.93385065e-05
9.14835148e-05
6.38538433e-05
2.11207927e-05
1.46076922e-05
3.69318027e-05
3.25244915e-04
2.57231946e-04
4.48358416e-05
1.65604056e-05
2.53895958e-05
1.41624119e-05
1.67065570e-05
7.67795628e-06
3.92348224e-05
2.50428617e-05
1.11324556e-05
5.05807007e-05
9.71955339e-05
2.45357811e-05
2.33767138e-05
1.78147790e-05
3.81091234e-06
4.83991554e-06
3.12971390e-06
3.34608048e-06
1.78615765e-05
4.35144512e-05
9.71015384e-05
1.25558564e-04
5.21053522e-05
8.91852098e-05
4.65367643e-05
6.62863003e-05
7.45351613e-05
2.87785878e-05
9.15827130e-05
3.40476041e-05
2.04488055e-05
2.48188090e-05
1.51211649e-04
7.75407840e-05
2.49952427e-05
7.87034287e-05
3.49046460e-04
7.70297547e-05
2.15106646e-05
1.40180811e-05
3.17144778e-06
1.22679018e-05
5.32264808e-06
6.75328384e-06
9.31176809e-07
2.87006980e-06
5.90109216e-06
5.81289117e-06
2.34687623e-05
2.66635958e-05
1.90914586e-04
1.52437320e-04
1.24036402e-04
2.41990041e-04
4.34000854e-05
3.51236547e-05
4.33751058e-05
6.57235354e-05
1.33355243e-04
1.43878459e-04
2.96072505e-05
4.66033914e-05
4.65548194e-05
5.32809880e-05
4.51033552e-05
1.29055637e-05
4.27471252e-06
7.99024638e-06
1.91519232e-05
4.70613539e-05
5.26211102e-05
8.11555673e-06
2.16000214e-06
1.67384774e-05
5.40504982e-06
4.12006691e-06
9.14628544e-06
1.25013566e-05
1.42841032e-05
1.38721992e-05
1.44684901e-05
1.02494158e-05
8.92947070e-06
1.60082998e-05
3.68207618e-05
5.31822013e-05
1.39511797e-04
2.45786952e-04
9.01548316e-05
6.79761033e-06
6.74809607e-06
7.19686997e-06
5.95712880e-05
6.06444905e-05
2.69168803e-05
4.72354464e-05
1.03630448e-05
1.11858713e-05
7.57974371e-06
6.34390780e-06
1.70154297e-05
1.81538902e-05
1.92931880e-06
9.06981117e-06
2.22972571e-05
9.06154963e-05
1.19869517e-04
6.34627734e-05
6.06951552e-05
2.74521264e-05
5.57142936e-05
3.90133971e-05
4.36778551e-05
5.48315357e-05
9.60205198e-05
1.97900908e-04
3.24771198e-04
1.20854673e-03
8.53845585e-04
2.87786787e-04
5.64893027e-05
1.04197644e-04
7.45838689e-06
9.37224163e-06
2.19876470e-05
1.12075630e-05
1.13107425e-05
2.82565417e-05
3.44198803e-05
7.66776648e-05
3.18126877e-05
2.73633188e-05
2.76514026e-05
1.25565307e-04
2.04152812e-04
3.40872944e-05
3.54571071e-05
1.54452322e-05
1.34800223e-04
1.14517457e-04
2.65461240e-04
3.00019924e-04
3.58250024e-04
1.40614492e-04
9.70434157e-05
5.39320373e-05
1.26558201e-04
1.28590882e-04
3.99742850e-04
1.31446814e-03
2.07497516e-03
5.01188485e-04
1.30122076e-04
3.89550768e-05
5.01039591e-05
8.35956977e-05
3.19243565e-05
7.63175138e-05
2.46447945e-04
8.53085750e-05
3.78972625e-05
3.58081582e-05
2.48035453e-05
6.47241554e-05
1.03392244e-04
1.58017296e-04
5.32786005e-05
2.38154256e-05
8.77543353e-06
6.17753792e-06
5.48334362e-05
5.55380558e-05
8.80582132e-05
1.63079790e-04
2.11948525e-04
1.09789307e-04
6.23774094e-05
2.27009430e-04
1.27409437e-04
1.48546483e-04
1.53261985e-05
9.21689078e-06
7.32604648e-06
1.95298593e-05
1.06055117e-05
1.96193106e-06
6.42092110e-06
2.84196271e-06
4.54514218e-06
7.78609831e-06
5.49146130e-05
4.94689242e-05
7.65477422e-05
1.11716303e-04
9.36456498e-05
4.67451903e-05
3.31681115e-05
3.84912146e-05
2.10080519e-05
7.04121402e-05
5.49030448e-05
3.06619284e-05
6.65096907e-05
2.04460023e-05
1.37400811e-05
1.05468413e-06
1.44485301e-06
2.84858721e-06
6.13495358e-06
4.47516442e-06
1.56374151e-06
1.78520589e-06
5.85115162e-06
4.49629370e-06
9.44402365e-06
3.27466492e-05
1.44835103e-05
3.08452839e-05
7.72240583e-06
1.10172961e-05
9.13321352e-06
4.92164171e-05
6.22626542e-05
3.50458649e-06
1.33406987e-06
5.53107922e-06
2.07871101e-05
1.14382582e-05
1.54327341e-05
1.99818156e-05
1.21510613e-05
1.60418502e-05
2.42458861e-05
7.47067457e-07
1.93876720e-06
1.87592549e-06
2.24967493e-06
7.06525062e-07
3.36106650e-06
1.83615531e-05
2.76262877e-05
3.36245978e-05
6.12497328e-05
3.84903371e-05
5.71151832e-05
9.64663264e-05
3.79338090e-05
2.18128359e-05
2.44348826e-05
6.66803166e-05
8.37055035e-05
1.15227841e-04
4.26690313e-05
3.33588321e-05
3.26676298e-05
1.29851574e-05
1.33085949e-04
3.48105378e-05
5.18233453e-04
2.03573078e-04
6.88565725e-04
2.86959168e-04
1.81997786e-05
4.21776042e-06
2.79818104e-05
3.71513833e-05
1.03926214e-04
5.08319174e-05
4.02373675e-05
1.85851785e-04
4.03315644e-04
1.86953144e-04
2.05990415e-05
8.00186242e-05
8.51392285e-05
5.90223616e-04
3.42122656e-04
2.26976508e-04
2.00598609e-04
7.53059912e-05
4.22883655e-05
1.79052732e-04
1.89103381e-04
2.15277572e-03
1.36417987e-03
6.68462420e-04
9.89823133e-04
1.91244614e-04
9.57608304e-05
2.74036701e-04
2.98836293e-05
9.06134392e-05
1.99760069e-04
6.14874813e-05
8.77469454e-06
2.78628975e-05
1.67555665e-05
2.54857212e-05
6.30075527e-06
5.28228536e-06
5.87928913e-06
1.01564367e-06
2.73336292e-07
3.85401945e-07
1.46334075e-06
3.49652299e-06
3.72977098e-05
2.29207824e-04
1.34473217e-04
1.33374947e-04
1.70992750e-04
4.05435485e-05
1.50961125e-04
1.60406521e-04
1.39631724e-04
1.98917282e-04
2.57053918e-04
1.49845443e-04
4.10393976e-04
9.52060451e-05
1.06118291e-05
1.36423193e-04
8.80668772e-05
1.29170380e-04
7.41250699e-05
3.07949434e-05
8.11591518e-05
2.82778500e-05
5.58938226e-05
4.33575250e-04
3.70651001e-04
1.89585936e-04
8.77276647e-05
5.51279225e-05
3.08386029e-05
1.77064393e-05
5.87392321e-05
5.75346235e-05
9.85150328e-06
8.17836037e-06
5.75099849e-06
2.26409246e-06
1.56077727e-05
2.31438937e-05
2.70294839e-05
1.62566539e-05
9.54019491e-07
8.34109744e-06
2.04133258e-05
3.06879260e-05
1.43832434e-05
8.70482279e-05
1.28610771e-05
2.39502325e-05
6.97545569e-06
2.80247208e-06
1.87989911e-06
5.21809491e-06
1.20599195e-05
1.86634501e-05
7.70185793e-05
2.47835474e-05
1.00933973e-04
9.51542030e-05
3.35246484e-05
1.61772158e-04
2.17055656e-04
5.11601658e-05
1.61056684e-04
4.66927862e-05
4.81153463e-05
4.03516455e-05
4.38712713e-05
3.23108340e-06
1.03553495e-06
1.12147796e-05
4.11508051e-06
8.49542599e-06
2.45332705e-05
6.31811308e-05
1.39174064e-04
6.05954782e-04
4.93243870e-04
7.53533258e-04
1.11302814e-03
1.29923864e-04
1.44976154e-05
6.10020359e-06
7.50451789e-05
2.27748825e-05
2.11846644e-05
4.03994077e-05
1.32026027e-05
3.72032565e-05
1.46104183e-04
2.16105973e-04
4.32692755e-04
1.48382097e-04
2.40632516e-05
1.59014555e-05
6.10322501e-05
7.12645052e-05
1.12553085e-04
5.04064474e-05
1.34328681e-05
1.50958320e-05
2.13984465e-05
1.55608389e-05
8.11322647e-05
4.24558346e-05
9.92141266e-05
3.89919759e-04
3.59860665e-04
1.79257763e-04
1.45754194e-04
7.36427885e-05
8.23979834e-06
4.45309028e-06
1.26093000e-05
1.94178880e-05
3.04908922e-05
4.77075848e-06
3.13512939e-05
1.34966645e-05
8.20183993e-06
1.40782191e-05
1.25330317e-04
1.38393532e-04
1.91561853e-04
2.84617384e-04
4.28114955e-05
9.31459713e-05
7.33274745e-05
5.31249908e-05
1.16247551e-04
5.25073211e-05
1.78105852e-05
3.89008485e-05
1.78244715e-04
1.88088448e-04
1.00324052e-04
9.28836448e-05
8.35272364e-05
2.06285198e-04
3.20264235e-04
5.26746251e-05
8.11410839e-06
7.15625743e-05
1.20182229e-04
1.23398193e-04
1.74338465e-04
2.86796851e-05
6.31767052e-06
3.10707819e-05
5.08753591e-05
1.62485653e-04
1.20596701e-04
9.52695935e-05
4.86979363e-05
7.84889398e-06
1.11608542e-05
9.51973827e-06
9.88015693e-06
1.45137895e-05
1.81317339e-05
2.06426446e-05
6.26854500e-05
2.30278865e-05
2.64006455e-05
2.01924186e-05
3.35902725e-05
3.68793832e-06
5.24226001e-06
7.59146958e-05
1.66982963e-04
7.37707453e-04
1.19929709e-03
3.06651110e-04
1.16062479e-04
9.43128617e-05
9.52016773e-05
1.48888936e-04
6.44813550e-04
8.66526626e-04
4.50612043e-04
4.60359298e-04
4.09872024e-05
1.13895684e-05
1.90679744e-05
1.50334906e-05
1.40454314e-05
1.52143479e-04
1.65278800e-04
6.70230652e-05
1.06191104e-04
6.32065362e-05
1.03445905e-04
7.18181580e-05
4.65306964e-05
9.65824734e-05
2.51950815e-04
1.49247331e-04
1.15448794e-04
1.54257769e-04
9.80638799e-05
2.56732822e-04
1.53756945e-04
1.10384561e-04
5.31185265e-05
1.28293089e-05
1.29597828e-05
5.16538084e-05
8.75231245e-05
1.27410056e-04
3.51889406e-05
8.58381272e-06
3.05899933e-05
5.17760163e-05
4.89469720e-05
2.22398275e-05
8.08562082e-05
6.91103464e-05
8.58079299e-05
2.14016107e-04
6.86001256e-05
8.58168112e-05
6.11050066e-05
4.27167012e-05
3.93078658e-05
5.77159307e-05
1.65763436e-04
2.04253168e-04
4.95400433e-05
3.59876551e-04
1.64177751e-03
1.62266822e-03
2.73369963e-04
4.65826872e-05
7.41821815e-05
2.73089494e-04
1.48578627e-04
3.51032571e-05
2.51492098e-04
1.69817725e-04
2.12608995e-04
3.68632121e-04
1.90842524e-04
2.15469772e-05
5.33472946e-05
6.40164240e-05
3.48037426e-05
4.30199996e-05
6.64998751e-06
6.31990422e-06
4.60113475e-06
1.16239148e-06
8.95323978e-07
7.90151170e-07
4.77667163e-05
2.89121372e-04
6.80918057e-05
8.60122884e-05
1.64072199e-04
8.65835271e-05
8.98045510e-05
7.21018475e-05
6.69911086e-05
5.54301571e-05
1.01328441e-04
2.06648289e-04
4.41767131e-04
1.07823189e-04
2.61630523e-05
5.22751408e-06
6.94915322e-05
9.12642800e-05
6.31051133e-05
3.28668540e-05
2.58522410e-05
8.05329115e-05
1.52286023e-05
9.96693678e-06
3.59018430e-05
3.63087793e-05
2.54800183e-05
5.53260791e-05
4.17661759e-05
6.11739440e-05
4.34360343e-04
7.45192253e-04
4.14803476e-04
9.16512565e-05
2.29720805e-05
6.34081499e-05
9.64555504e-05
4.91993015e-05
7.31471902e-06
4.96199753e-06
5.68882262e-06
8.23755973e-06
4.85089745e-06
5.74357826e-06
1.31020999e-05
1.82457816e-05
9.59490158e-06
4.69992685e-06
3.36579965e-06
1.90005642e-05
1.91273527e-05
1.11211615e-05
9.69622232e-06
1.18616305e-04
3.45402558e-05
7.67561312e-06
6.40516646e-06
1.82805677e-06
3.88931713e-05
1.69641006e-05
8.31328301e-06
3.79517893e-05
1.84820888e-05
2.23790067e-05
3.93795678e-05
1.15792485e-04
1.02334850e-04
1.39679761e-04
1.01578387e-04
2.97955289e-05
1.48074269e-05
3.44944616e-05
1.08196309e-04
6.09522774e-05
7.88758182e-05
2.27073153e-05
1.13500797e-05
1.12572251e-05
2.04492798e-05
2.11435115e-05
4.01130626e-06
1.23633867e-06
6.05899570e-06
1.68287550e-06
3.70630731e-06
1.17645694e-05
6.29024130e-06
1.21969850e-05
4.20190746e-06
3.85511758e-07
8.11187730e-07
3.70779834e-06
1.06880089e-05
1.92035281e-04
2.99602639e-04
2.09966330e-04
2.18713598e-04
1.27064665e-04
1.98056632e-04
4.64435563e-05
3.17606787e-05
6.41638408e-05
2.64504189e-05
1.31041916e-06
1.03725261e-05
1.05014358e-04
4.37415655e-05
2.85497758e-05
2.14821752e-05
4.08070128e-06
2.54394140e-05
1.53961241e-05
1.27695120e-05
1.66129111e-05
7.84984532e-06
7.53929252e-06
2.30489744e-05
1.37432346e-05
3.82422664e-06
8.18619903e-06
3.38971902e-05
1.41960601e-05
6.75255137e-06
2.41238600e-05
1.11991588e-04
4.64613936e-05
2.64531388e-05
2.43958069e-05
6.16129331e-05
6.52919874e-05
1.27396554e-05
1.14525559e-05
2.69484723e-05
3.91884986e-05
2.27612614e-05
1.58355460e-05
2.88764040e-05
3.42567268e-05
2.00430568e-04
4.35050098e-04
5.05306897e-04
5.87460312e-04
1.46539659e-04
9.54837606e-05
6.41775858e-05
5.67335050e-06
1.64108992e-05
1.68231945e-05
3.26357124e-05
1.24910566e-04
2.46024590e-04
9.61561825e-05
6.56654348e-05
1.50828276e-05
8.99645797e-07
9.78851911e-06
5.76658485e-05
1.06915548e-04
5.68686877e-05
2.49748296e-05
1.88075490e-04
2.26018760e-04
2.39382279e-04
2.69792067e-04
3.46010238e-04
2.12135686e-04
1.78699439e-04
2.17504218e-04
4.89160326e-05
6.87302385e-05
1.66059801e-05
5.07334889e-06
4.00638181e-05
8.94658425e-05
3.29866734e-05
1.59051549e-05
9.78205489e-06
6.70563782e-06
4.03423253e-05
1.02846263e-04
9.31956219e-05
1.57434878e-05
6.86529464e-06
2.51265643e-05
1.14456042e-05
5.57086038e-06
1.61445779e-05
6.24058338e-06
4.30337255e-05
1.74339191e-05
5.27313799e-05
4.24253810e-05
2.96734314e-04
2.10084852e-04
2.57762503e-04
5.62079759e-04
3.96992362e-04
3.60720984e-04
4.98619511e-04
1.88178314e-04
1.46647901e-04
1.58648509e-05
1.43590484e-04
1.23843382e-04
5.74070196e-05
1.54792190e-05
2.41892808e-05
1.94524108e-04
3.00594759e-04
8.34841845e-05
1.21235541e-04
8.85403031e-05
6.22280961e-05
5.99745912e-05
2.21094551e-04
2.14895296e-04
4.47473072e-04
2.62462647e-04
7.99626007e-05
1.51197327e-05
1.05831642e-05
1.17945708e-05
1.74842086e-05
1.84913146e-05
2.46617168e-05
6.11436185e-06
1.64449407e-05
6.65473026e-06
1.89796711e-06
9.54925752e-07
1.28766405e-05
6.79832757e-06
4.46291637e-06
2.91849959e-06
8.23034558e-06
3.12760814e-06
1.04555186e-06
1.15069837e-05
7.09289802e-06
2.92892734e-05
2.31491323e-05
9.41412769e-05
2.80779984e-05
2.60245907e-06
8.30463122e-06
3.91346533e-06
7.72430587e-06
3.20807975e-05
1.87241568e-05
2.91874542e-05
2.88387086e-05
2.56880019e-05
1.88301832e-06
1.44021988e-05
4.81804969e-06
1.70500309e-05
5.27134632e-06
1.36869410e-05
5.42091714e-06
3.89419678e-06
1.57124908e-05
8.03073004e-05
1.36102960e-04
1.07475453e-04
1.31827827e-05
8.65076147e-06
1.35629360e-05
1.07267668e-05
4.40124753e-06
2.20631336e-05
2.48973781e-05
4.19718513e-05
9.80274240e-05
4.77742553e-04
2.81901102e-04
2.80374212e-04
3.87899455e-04
1.51876956e-03
5.69502265e-04
3.19953145e-04
2.08211427e-04
1.20187088e-04
6.69291095e-05
1.18639048e-04
9.35537222e-05
7.19226371e-05
2.14820130e-05
5.62548766e-06
5.06598313e-06
6.87455877e-05
9.72876687e-05
6.09519379e-05
4.74230605e-05
2.72050623e-05
3.13831231e-05
1.22860048e-05
1.97398965e-05
1.13757581e-05
4.45266271e-06
6.06876878e-06
1.16327778e-05
1.48684845e-04
3.52399791e-04
1.32056546e-05
1.74426741e-05
1.46209819e-05
4.54443236e-06
1.00084459e-04
1.37540911e-04
1.49403605e-05
1.10083737e-04
3.24378424e-04
4.78151882e-05
6.71729083e-06
7.05878548e-06
2.44105055e-05
4.18263321e-05
1.40971193e-05
2.23707002e-05
2.89479219e-05
1.20844585e-04
1.25824214e-05
1.70229581e-05
7.90064055e-06
8.27106727e-06
2.60498139e-05
1.24297041e-05
7.79977292e-06
6.10991268e-06
2.03761454e-05
2.96437255e-06
1.77050459e-05
2.81349217e-05
4.53286753e-04
3.38482569e-04
1.06122479e-04
6.47858401e-05
1.86636814e-05
3.97939076e-05
1.37528793e-05
3.72249688e-06
6.83064925e-06
6.24794650e-06
2.80062673e-06
6.25932849e-06
2.36999512e-05
2.63807975e-06
1.25501852e-05
3.47291489e-05
4.49425500e-05
3.90421850e-05
2.23673972e-05
9.97539364e-06
1.33222112e-04
3.12127039e-04
1.19904294e-04
9.32715430e-06
4.82167149e-06
4.94533373e-06
4.33698542e-06
1.13079217e-06
1.62231618e-06
9.54334740e-06
1.73871310e-05
1.13997254e-05
6.53044184e-06
6.11870299e-06
1.75843983e-05
6.66694879e-06
8.32303493e-06
3.77581590e-06
4.41596509e-06
1.26064457e-05
1.66193967e-05
3.28006738e-05
4.92705887e-05
3.60409301e-05
5.14873664e-05
3.89824327e-05
8.47507832e-05
2.29410154e-05
2.49329466e-05
3.06831567e-05
4.34625028e-05
1.08181068e-05
1.89780212e-05
5.48345832e-06
2.92663627e-06
2.69318582e-06
9.53076987e-06
1.53169067e-05
9.37660387e-06
8.94818837e-06
6.00689068e-06
8.31631727e-06
3.78564377e-06
8.44287270e-06
1.66927635e-05
2.51293162e-05
3.47339763e-05
6.30984077e-05
4.04248192e-05
9.35521627e-05
1.33240204e-04
3.49499359e-04
2.39038486e-04
1.93118091e-04
4.72664570e-04
1.53106474e-03
2.06954421e-04
3.63497946e-05
9.08929257e-05
3.69809066e-06
1.02327941e-05
1.79816138e-05
1.76633213e-05
9.68839500e-05
1.84098743e-04
1.34419444e-04
1.33500991e-04
2.38869382e-05
6.22352447e-05
2.51555783e-05
1.93752062e-05
5.84359112e-05
9.04162983e-05
3.53667369e-05
1.93220458e-05
7.15825369e-05
7.57457072e-05
7.97094093e-05
2.18297739e-05
9.79530016e-05
8.33418164e-06
2.22179343e-06
2.82682348e-05
1.31197142e-05
1.56890309e-05
2.11927202e-05
3.55377760e-06
5.70700109e-06
7.14815802e-06
1.75582009e-05
2.45335502e-04
1.68430825e-04
5.36240051e-04
1.20201234e-04
3.97981422e-05
7.69179674e-05
8.32559136e-05
7.19846741e-05
2.44192044e-04
2.41724454e-04
1.03379346e-04
9.14034157e-06
3.09196855e-06
3.30604930e-05
6.58848963e-05
1.92327534e-04
1.01206849e-04
1.06932128e-04
2.77803147e-04
3.87993114e-05
3.50983077e-05
8.64268956e-05
2.80177515e-05
3.10798132e-05
1.58068427e-04
4.90207387e-04
4.89872863e-04
1.79046541e-04
7.60685526e-05
2.57688757e-05
3.17465253e-05
1.37888398e-04
1.58189804e-05
3.96222899e-05
7.16595662e-05
6.32226708e-05
3.66014383e-05
2.62666564e-04
1.20798757e-04
3.31372107e-05
6.11570313e-05
7.24871219e-05
4.26528264e-05
8.41214676e-05
6.57637722e-05
4.94900329e-05
7.38139644e-05
1.57588899e-04
5.33070578e-05
1.51641254e-05
4.32907840e-05
2.91142328e-05
7.38249378e-06
9.48751459e-05
6.23638375e-05
6.38988979e-05
3.95758522e-05
1.12297074e-05
4.33341204e-06
4.93889186e-06
2.86200503e-05
1.10432150e-04
7.60344223e-05
1.27762817e-05
4.33519088e-05
1.55425610e-04
6.73603977e-04
2.86022652e-04
7.01041666e-04
6.64000868e-04
1.52535914e-04
3.97136617e-05
3.20271830e-05
1.19455359e-05
1.12017928e-04
1.86761864e-05
1.42601924e-05
5.70864951e-06
1.27216258e-05
5.80282112e-06
2.64918829e-06
1.90044749e-05
3.98280312e-05
3.46447054e-04
6.90565030e-05
2.57460182e-04
2.94742963e-05
4.36611353e-05
1.52502588e-05
1.49666254e-05
2.27101882e-05
1.25858001e-04
4.12674686e-04
8.30105006e-04
3.65209699e-04
4.92397111e-05
1.57356118e-05
5.87616748e-05
6.43426402e-05
6.58823475e-05
1.25495569e-05
4.84271043e-06
4.82016339e-06
8.70084651e-06
3.73996591e-05
2.35127449e-05
4.57149123e-05
4.89779739e-05
6.56256938e-05
3.89592738e-06
1.67206874e-05
1.68378232e-05
2.40404118e-05
3.92631961e-06
8.98403490e-06
8.91428088e-05
1.14680875e-05
5.85415926e-06
1.77417383e-05
3.84971184e-05
1.82068387e-04
3.90445422e-05
6.59358615e-05
1.24232598e-04
1.21946446e-04
6.10098630e-05
6.72927119e-05
9.41940716e-05
1.04026003e-04
1.87519727e-05
2.48763241e-06
4.27430950e-06
1.44531361e-05
2.25021670e-05
1.87899219e-05
2.88950082e-05
6.56474569e-05
6.47014935e-05
7.00338769e-05
1.29834082e-05
9.20600497e-05
1.85978815e-05
4.30598492e-05
5.64505374e-05
6.59011622e-05
5.73246650e-05
2.34108575e-04
4.68801820e-05
8.64057444e-05
1.22099821e-04
2.42604654e-04
5.91724155e-05
2.67822460e-05
1.52286406e-04
3.56978464e-04
9.72851300e-05
9.60131461e-05
6.95253842e-05
1.75217868e-05
1.21741954e-05
1.58282423e-05
9.88425235e-06
4.23827985e-05
4.02278450e-05
3.24449965e-05
4.06076523e-05
1.15255725e-04
2.05229188e-04
3.89093247e-04
1.51633355e-04
2.44877087e-05
3.92112321e-06
1.23742603e-05
2.75259186e-05
3.85320203e-05
4.80135194e-05
4.30459660e-05
9.23906493e-05
6.46969061e-05
5.93160032e-05
2.35902589e-05
2.29210017e-05
5.53082303e-05
9.51757696e-05
2.89425161e-04
1.81950907e-04
4.31556390e-05
1.17081770e-05
9.41228756e-06
1.20486185e-05
1.84103169e-05
3.88682221e-06
7.12439162e-06
2.14335774e-05
1.92348297e-05
6.00967258e-05
3.84281146e-05
7.59097350e-06
1.00368037e-05
5.29574515e-05
4.57436953e-05
4.18385602e-05
1.18080289e-05
1.64193098e-05
5.82587292e-05
4.41314963e-05
1.86727641e-05
7.70260221e-05
1.34167019e-05
2.75435028e-05
4.47424191e-04
5.47649958e-04
